0.00000000 0.000000000000e+00
0.00909091 3.124199635000e-05
0.01818182 5.790987766000e-05
0.02727273 8.086878825000e-05
0.03636364 1.007826760800e-04
0.04545455 1.181695664900e-04
0.05454545 1.334395628600e-04
0.06363636 1.469215600100e-04
0.07272727 1.588823970900e-04
0.08181818 1.695408341700e-04
0.09090909 1.790779140300e-04
0.10000000 1.876447550400e-04
0.14444444 2.192009944100e-04
0.18888889 2.397909363000e-04
0.23333333 2.544336728900e-04
0.27777778 2.678558796300e-04
0.32222222 2.836123831900e-04
0.36666667 3.017031835700e-04
0.41111111 3.221282807700e-04
0.45555556 3.448876748000e-04
0.50000000 3.699813656600e-04
