0.00000000 0.000000000000e+00
0.00909091 2.602461876000e-05
0.01818182 4.813880315000e-05
0.02727273 6.708479366000e-05
0.03636364 8.343221671000e-05
0.04545455 9.762550611000e-05
0.05454545 1.100165052800e-04
0.06363636 1.208873856800e-04
0.07272727 1.304670788800e-04
0.08181818 1.389432675000e-04
0.09090909 1.464712751100e-04
0.10000000 1.531807519600e-04
0.14444444 1.773232083900e-04
0.18888889 1.923888716800e-04
0.23333333 2.034767815900e-04
0.27777778 2.168989883200e-04
0.32222222 2.326554918800e-04
0.36666667 2.507462922600e-04
0.41111111 2.711713894700e-04
0.45555556 2.939307835000e-04
0.50000000 3.190244743500e-04
