0.00000000 0.000000000000e+00
0.00909091 3.284965780000e-05
0.01818182 6.251815503000e-05
0.02727273 8.939593970000e-05
0.03636364 1.138133909200e-04
0.04545455 1.360519427100e-04
0.05454545 1.563528242700e-04
0.06363636 1.749239917800e-04
0.07272727 1.919456739400e-04
0.08181818 2.075748441400e-04
0.09090909 2.219488540700e-04
0.10000000 2.351884067600e-04
0.14444444 2.867436674600e-04
0.18888889 3.223763836700e-04
0.23333333 3.475195175500e-04
0.27777778 3.655844639700e-04
0.32222222 3.788212918500e-04
0.36666667 3.922643067100e-04
0.41111111 4.074419041400e-04
0.45555556 4.243540841200e-04
0.50000000 4.430008466700e-04
