0.00000000 0.000000000000e+00
0.00909091 2.044494443000e-05
0.01818182 3.768662810000e-05
0.02727273 5.233633343000e-05
0.03636364 6.486318413000e-05
0.04545455 7.563319979000e-05
0.05454545 8.493614595000e-05
0.06363636 9.300440880000e-05
0.07272727 1.000265280900e-04
0.08181818 1.061570724600e-04
0.09090909 1.115239607600e-04
0.10000000 1.162339682500e-04
0.14444444 1.323771266600e-04
0.18888889 1.414568210400e-04
0.23333333 1.525447309500e-04
0.27777778 1.659669376900e-04
0.32222222 1.817234412500e-04
0.36666667 1.998142416300e-04
0.41111111 2.202393388400e-04
0.45555556 2.429987328700e-04
0.50000000 2.680924237200e-04
