0.00000000 0.000000000000e+00
0.00909091 1.439986314000e-05
0.01818182 2.635914533000e-05
0.02727273 3.634789197000e-05
0.03636364 4.472683560000e-05
0.04545455 5.177742687000e-05
0.05454545 5.772248087000e-05
0.06363636 6.274069091000e-05
0.07272727 6.697703456000e-05
0.08181818 7.055036733000e-05
0.09090909 7.355905237000e-05
0.10000000 7.608519449000e-05
0.14444444 8.346695284000e-05
0.18888889 9.222056593000e-05
0.23333333 1.033084758400e-04
0.27777778 1.167306825700e-04
0.32222222 1.324871861300e-04
0.36666667 1.505779865100e-04
0.41111111 1.710030837200e-04
0.45555556 1.937624777500e-04
0.50000000 2.188561686000e-04
