time	Id(M1)
Step Information: Vgs=100m  (Step: 1/5)
0.000000000000000e+00	0.000000e+00
5.242879851721227e-04	1.766786e-06
1.048575970344245e-03	3.512501e-06
2.048575970344245e-03	6.784869e-06
3.048575970344245e-03	9.983762e-06
4.048575970344245e-03	1.311117e-05
6.048575970344246e-03	1.915916e-05
8.048575970344245e-03	2.494340e-05
9.175578059311511e-03	2.809177e-05
1.236093088967265e-02	3.658036e-05
1.536093088967266e-02	4.405430e-05
1.848182000000000e-02	5.133303e-05
2.268182000000000e-02	6.039281e-05
2.757273000000000e-02	6.997496e-05
3.377273000000000e-02	8.078622e-05
3.706364000000000e-02	8.597843e-05
4.486364000000001e-02	9.694602e-05
5.395455000000001e-02	1.076668e-04
6.433636000000001e-02	1.176919e-04
7.522727000000000e-02	1.262295e-04
8.631818000000001e-02	1.333858e-04
1.003000000000000e-01	1.408794e-04
1.285000000000000e-01	1.529976e-04
1.459444400000000e-01	1.594089e-04
1.923888900000000e-01	1.747219e-04
2.388333300000000e-01	1.889473e-04
2.842777800000000e-01	2.025060e-04
3.297222200000000e-01	2.159618e-04
3.751666700000000e-01	2.294272e-04
4.216111100000000e-01	2.432570e-04
4.680555600000000e-01	2.571872e-04
5.000000000000000e-01	2.668359e-04
Step Information: Vgs=200m  (Step: 2/5)
0.000000000000000e+00	0.000000e+00
5.242879851721227e-04	2.714083e-06
1.048575970344245e-03	5.401994e-06
2.048575970344245e-03	1.045736e-05
3.048575970344245e-03	1.542082e-05
5.048575970344246e-03	2.508035e-05
7.048575970344246e-03	3.439655e-05
9.175578059311511e-03	4.394443e-05
1.236093088967265e-02	5.758534e-05
1.636093088967266e-02	7.366925e-05
1.848182000000000e-02	8.175468e-05
2.368182000000000e-02	1.003759e-04
2.757273000000000e-02	1.132704e-04
3.377273000000000e-02	1.321475e-04
3.706364000000000e-02	1.413982e-04
4.545455000000000e-02	1.628046e-04
5.484545000000000e-02	1.834415e-04
6.513636000000000e-02	2.025640e-04
7.522727000000000e-02	2.182611e-04
8.631818000000001e-02	2.325729e-04
1.003000000000000e-01	2.471056e-04
1.215000000000000e-01	2.638865e-04
1.459444400000000e-01	2.785316e-04
1.923888900000000e-01	2.999821e-04
2.388333300000000e-01	3.180081e-04
2.842777800000000e-01	3.343297e-04
3.297222200000000e-01	3.500486e-04
3.751666700000000e-01	3.654658e-04
4.216111100000000e-01	3.810658e-04
4.680555600000000e-01	3.965944e-04
5.000000000000000e-01	4.072608e-04
Step Information: Vgs=300m  (Step: 3/5)
0.000000000000000e+00	0.000000e+00
5.242879851721227e-04	3.349611e-06
1.048575970344245e-03	6.671792e-06
2.048575970344245e-03	1.293333e-05
4.048575970344245e-03	2.516797e-05
6.048575970344246e-03	3.703048e-05
9.175578059311511e-03	5.486555e-05
1.236093088967265e-02	7.218654e-05
1.636093088967266e-02	9.280219e-05
1.848182000000000e-02	1.032487e-04
2.368182000000000e-02	1.275333e-04
2.757273000000000e-02	1.445474e-04
3.477273000000000e-02	1.736450e-04
3.786364000000000e-02	1.852552e-04
4.615455000000000e-02	2.140191e-04
5.604545000000000e-02	2.442323e-04
6.513636000000000e-02	2.685105e-04
7.522727000000000e-02	2.919753e-04
8.631818000000001e-02	3.139966e-04
1.003000000000000e-01	3.368662e-04
1.185000000000000e-01	3.599892e-04
1.425000000000000e-01	3.823683e-04
1.779444400000000e-01	4.059424e-04
1.933888900000000e-01	4.142952e-04
2.388333300000000e-01	4.355418e-04
2.842777800000000e-01	4.541965e-04
3.297222200000000e-01	4.716336e-04
3.751666700000000e-01	4.884305e-04
4.216111100000000e-01	5.052252e-04
4.680555600000000e-01	5.218019e-04
5.000000000000000e-01	5.331262e-04
Step Information: Vgs=400m  (Step: 4/5)
0.000000000000000e+00	0.000000e+00
5.242879851721227e-04	3.807816e-06
1.048575970344245e-03	7.588503e-06
2.048575970344245e-03	1.472527e-05
4.048575970344245e-03	2.871225e-05
6.048575970344246e-03	4.232809e-05
9.175578059311511e-03	6.290251e-05
1.336093088967266e-02	8.914708e-05
1.848182000000000e-02	1.193772e-04
2.468182000000000e-02	1.534275e-04
2.757273000000000e-02	1.684177e-04
3.477273000000000e-02	2.034925e-04
3.786364000000000e-02	2.176218e-04
4.615455000000000e-02	2.529960e-04
5.604545000000000e-02	2.908093e-04
6.513636000000000e-02	3.217981e-04
7.522727000000000e-02	3.524035e-04
8.631818000000001e-02	3.818799e-04
1.003000000000000e-01	4.134572e-04
1.185000000000000e-01	4.464045e-04
1.395000000000000e-01	4.751144e-04
1.469444400000000e-01	4.834207e-04
1.779444400000000e-01	5.108610e-04
1.933888900000000e-01	5.216106e-04
2.388333300000000e-01	5.473722e-04
2.842777800000000e-01	5.686281e-04
3.297222200000000e-01	5.878113e-04
3.751666700000000e-01	6.059123e-04
4.216111100000000e-01	6.237754e-04
4.680555600000000e-01	6.412511e-04
5.000000000000000e-01	6.531247e-04
Step Information: Vgs=500m  (Step: 5/5)
0.000000000000000e+00	0.000000e+00
5.242879851721227e-04	4.150558e-06
1.048575970344245e-03	8.275001e-06
2.048575970344245e-03	1.607012e-05
4.048575970344245e-03	3.138352e-05
7.048575970344246e-03	5.368266e-05
9.175578059311511e-03	6.902244e-05
1.336093088967266e-02	9.811964e-05
1.848182000000000e-02	1.318669e-04
2.468182000000000e-02	1.701913e-04
2.757273000000000e-02	1.871735e-04
3.577273000000000e-02	2.325035e-04
4.555455000000001e-02	2.815602e-04
5.604545000000000e-02	3.287800e-04
6.513636000000000e-02	3.656691e-04
7.522727000000000e-02	4.026728e-04
8.631818000000001e-02	4.389982e-04
1.003000000000000e-01	4.789164e-04
1.185000000000000e-01	5.220531e-04
1.395000000000000e-01	5.609854e-04
1.469444400000000e-01	5.723887e-04
1.739444400000000e-01	6.055713e-04
1.923888900000000e-01	6.228157e-04
2.388333300000000e-01	6.554611e-04
2.842777800000000e-01	6.799368e-04
3.297222200000000e-01	7.011118e-04
3.751666700000000e-01	7.205976e-04
4.216111100000000e-01	7.395288e-04
4.680555600000000e-01	7.578600e-04
5.000000000000000e-01	7.702386e-04
