100.0	10.781853800897633	-8.022260057796766
100.73474015926176	10.780762159858295	-8.080572966095412
101.47487874953984	10.779654695950844	-8.139300531713578
102.2204554352749	10.778531183908566	-8.198445502229378
102.97151017233814	10.777391395376668	-8.258010639028425
103.72808321017273	10.776235098873421	-8.317998717273072
104.49021509395033	10.775062059750924	-8.378412525868798
105.25794666674457	10.77387204015546	-8.439254867427719
106.03131907171947	10.772664798987465	-8.500528558229098
106.81037375433438	10.771440091861123	-8.56223642817681
107.59515246456506	10.770197671063572	-8.62438132075386
108.38569725914114	10.76893728551369	-8.686966092973513
109.18205050379993	10.767658680720547	-8.749993615327337
109.9842548755568	10.766361598741412	-8.813466771729882
110.79235336499234	10.765045778139397	-8.877388459459928
111.60638927855625	10.763710953940734	-8.94176158909838
112.42640624088781	10.762356857591628	-9.006589084462442
113.2524481971544	10.76098321691471	-9.071873882536357
114.084559415406	10.759589756065191	-9.1376189333983
114.92278448894784	10.758176195486511	-9.203827200143625
115.76716833872999	10.756742251865692	-9.270501658804061
116.61775621575481	10.755287638088289	-9.337645298263203
117.47459370350194	10.753812063192925	-9.405261120167722
118.33772672037117	10.75231523232549	-9.473352138834656
119.20720152214317	10.750796846692943	-9.541921381154387
120.08306470445858	10.749256603516733	-9.610971886489418
120.96536320531453	10.747694195985872	-9.680506706568659
121.85414430758082	10.746109313209615	-9.750528905377303
122.7494556415334	10.744501640169766	-9.821041559042188
123.65134518740695	10.742870857672667	-9.892047755712452
124.55986127796622	10.74121664230076	-9.963550595435432
125.47505260109618	10.739538666363849	-10.035553190027711
126.39696820241126	10.737836597849977	-10.108058662941335
127.32565748788369	10.736110100375969	-10.181070149124862
128.2611702264914	10.73435883313762	-10.254590794879363
129.20355655288452	10.732582450859558	-10.328623757709149
130.15286697007303	10.73078060374475	-10.40317220616717
131.1091523521327	10.728952937423708	-10.47823931969504
132.07246394693152	10.727099092903337	-10.553828288457423
133.04285337887615	10.725218706515506	-10.629942313170838
134.02037265167849	10.723311409865266	-10.706584604926732
135.00507415114262	10.721376829778794	-10.78375838500867
135.9970106479722	10.71941458825104	-10.861466884703546
136.99623530059836	10.717424302393033	-10.93971334510678
138.00280165802872	10.71540558437899	-11.018501016921283
139.0167636627166	10.713358041393066	-11.097833160250206
140.0381756534526	10.711281275575907	-11.177713044383188
141.06709236827606	10.709174883970881	-11.258143947576182
142.1035689474087	10.70703845847013	-11.33912915682459
143.14766093620952	10.704871585760309	-11.420671967629769
144.1994242881517	10.702673847268171	-11.502775683758488
145.25891536782103	10.700444819105872	-11.585443616995628
146.32619095393648	10.698184072016105	-11.66867908688967
147.4013082423931	10.695891171317033	-11.752485420490958
148.48432484932732	10.693565676847028	-11.836865952082798
149.57529881420402	10.691207142909235	-11.921824022904902
150.67428860292776	10.688815118216022	-12.007362980869434
151.78135311097546	10.6863891458332	-12.09348618026933
152.89655166655268	10.683928763124204	-12.180196981478776
154.01994403377327	10.681433501694093	-12.26749875064581
155.15159041586188	10.678902887333482	-12.35539485937691
156.29155145838055	10.676336439962363	-12.443888684413318
157.43988825247854	10.673733673573874	-12.53298360729917
158.5966623381665	10.67109409617802	-12.6226830140412
159.7619357076138	10.668417209745314	-12.712990294759793
160.93577080847157	10.66570251015046	-12.803908843331673
162.1182305472189	10.662949487116	-12.895442057023446
163.3093782925339	10.660157624155964	-12.987593336116536
164.50927787868986	10.657326398519603	-13.080366083522982
165.71799360897612	10.654455281135128	-13.173763704392057
166.9355902591441	10.65154373655359	-13.267789605707673
168.1621330808787	10.64859122289278	-13.362447195876399
169.39768780529513	10.64559719178133	-13.457739884305962
170.64232064646166	10.64256108830291	-13.553671080974148
171.89609830494746	10.639482350940611	-13.650244195987819
173.15908797139798	10.636360411521505	-13.74746263913225
174.43135733013526	10.63319469516146	-13.845329819410372
175.71297456278515	10.629984620210154	-13.943849144571926
177.00400835193133	10.62672959819638	-14.043024020632366
178.30452788479602	10.62342903377365	-14.142857851381462
179.6146028569477	10.620082324666118	-14.243354037881476
180.93430347603623	10.616688861614856	-14.344515977954744
182.26370046555522	10.613248028324517	-14.446347065660506
183.6028650686324	10.609759201410402	-14.548850690761144
184.95186905184684	10.606221750345979	-14.652030238177295
186.310784709076	10.60263503741088	-14.755889087432168
187.6796848653693	10.598998417639399	-14.860430612084622
189.05864288085107	10.595311238769513	-14.965658179151136
190.447732654652	10.591572841192535	-15.071575148516397
191.84702862886917	10.58778255790331	-15.178184872332597
193.2566057925559	10.5839397144511	-15.285490694407104
194.67653968574	10.580043628891147	-15.3934959495787
196.1069064034725	10.57609361173694	-15.502203963081984
197.54778259990468	10.572088965913252	-15.611618049900178
198.9992454923973	10.568028986709992	-15.721741514106073
200.46137286565786	10.563912961736852	-15.832577648190922
201.9342430759093	10.559740170878877	-15.944129732381601
203.4179350550893	10.555509886252946	-16.056401033945427
204.91252831508004	10.55122137216518	-16.169394806483147
206.41810295196956	10.546873885069434	-16.283114289209536
207.93473965034397	10.542466673526762	-16.397562706221855
209.46251968761166	10.53799897816602	-16.51274326575602
211.0015249383579	10.53347003164562	-16.62865915943033
212.55183787873497	10.52887905861645	-16.745313561477218
214.11354159087898	10.524225275686057	-16.86270962796188
215.68671976736482	10.519507891384091	-16.980850495989262
217.27145671569002	10.51472610612912	-17.09973928289803
218.86783736279324	10.509879112196812	-17.21937908544232
220.4759472596054	10.504966093689552	-17.33977297896086
222.0958725856345	10.499986226507584	-17.460924016533784
223.727700153584	10.494938678321653	-17.582835228126765
225.37151741400513	10.489822608547282	-17.70550961972282
227.02741245998368	10.484637168320695	-17.82895017244158
228.69547403186002	10.479381500476448	-17.95315984164608
230.37579152198614	10.474054739526819	-18.07814155603728
232.06845497951534	10.468656011643036	-18.203898216736174
233.77355511522816	10.463184434638384	-18.33043269635349
235.49118330639365	10.457639117953237	-18.457747838047315
237.22143160166647	10.45201916264213	-18.585846454568404
238.96439272601958	10.44632366136284	-18.714731327293403
240.72016008571364	10.440551698367628	-18.844405205246183
242.48882777330286	10.434702349496646	-18.974870804107073
244.2704905726764	10.42877468217361	-19.106130805210356
246.06524396413957	10.422767755403743	-19.23818785453018
247.87318412952953	10.416680619774134	-19.37104456165475
249.69440795737006	10.410512317456494	-19.504703498749187
251.52901304806375	10.404261882212452	-19.639167199507014
253.37709771912265	10.397928339401394	-19.774438158090717
255.23876101043695	10.3915107059909	-19.910518828061164
257.1141026895828	10.385007990569974	-20.047411621296455
259.00322325716894	10.378419193364925	-20.18511890690007
260.9062239522215	10.371743306258164	-20.323643010098746
262.8232067576122	10.364979312809828	-20.462986211130477
264.75427440551994	10.358126188282453	-20.603150744122058
266.6995303829394	10.351182899668583	-20.7441387959577
268.65907893722533	10.344148405721558	-20.885952505137844
270.63302508167993	10.337021656989418	-21.028593960629028
272.62147460117995	10.329801595852064	-21.172065200705003
274.62453405784646	10.322487156561728	-21.316368211779423
276.64231079675494	10.315077265286774	-21.461504927230333
278.67491295168844	10.307570840159004	-21.60747722621679
280.7224494509326	10.299966791324387	-21.75428693248829
282.78503002311186	10.292264020997433	-21.90193581318676
284.8627652030721	10.284461423519156	-22.050425577642233
286.95576633780263	10.276557885418764	-22.199757876162042
289.0641455924038	10.268552285479116	-22.349934298814098
291.18801595609807	10.260443494806019	-22.500956374204936
293.32749124828507	10.252230376901405	-22.652825568252588
295.4826861246413	10.243911787740501	-22.805543282955202
297.6537160832644	10.235486575853013	-22.959110855155284
299.84069747086346	10.226953582408388	-23.113529555300815
302.04374748899244	10.218311641305265	-23.268800586203028
304.2629842003333	10.209559579265076	-23.424925081792054
306.49852653502137	10.200696215929987	-23.581904105870407
308.75049429701977	10.191720363965121	-23.7397386508653
311.01900817053917	10.182630829165188	-23.898429636580058
313.30418972650574	10.173426410565538	-24.057977908945695
315.60616142907605	10.164105900557738	-24.218384238772618
317.9250466422	10.154668085009657	-24.379649320503795
320.26096963623223	10.145111743390189	-24.541773770969563
322.61405559459047	10.135435648898593	-24.704758128144768
324.9844306204673	10.125638568598527	-24.868602849909617
327.3722217435841	10.115719263556855	-25.033308312813645
329.7775569270016	10.10567648898718	-25.198874810844988
332.20056507397663	10.09550899439823	-25.365302554204643
334.64137603486967	10.085215523747117	-25.53259166808696
337.100120614104	10.074794815597434	-25.700742191467054
339.5769305771757	10.064245603282348	-25.8697540758959
342.071938657715	10.053566615072608	-26.03962718430401
344.5852785645981	10.042756574349543	-26.210361289814298
347.1170849891166	10.031814199783053	-26.38195607456551
349.6674936121904	10.020738205514705	-26.554411128546143
352.2366411116433	10.009527301345766	-26.72772594844089
354.82466516952525	9.998180192930397	-26.901899936489517
357.4317044794918	9.986695581973864	-27.076932399359674
360.0578987542365	9.975072166435869	-27.252822547034175
362.70338873297794	9.963308640738934	-27.429569491714073
365.3683161890024	9.951403695981927	-27.607172246738084
368.0528239372615	9.939356020158623	-27.78562972551957
370.757055842026	9.927164298381363	-27.964940740502005
373.4811568245939	9.914827213109813	-28.145104002133667
376.2252728710596	9.902343444384718	-28.326118117863142
378.9895510401354	9.889711670066744	-28.507981591155758
381.77413947103315	9.876930566080318	-28.690692820532878
384.57918739140285	9.863998806662435	-28.874250098634278
387.40484512533004	9.850915064616434	-29.0586516113052
390.25126410139166	9.837678011570672	-29.243895436708815
393.1185968607713	9.824286318242093	-29.42997954446522
396.0069970654341	9.810738654704599	-29.616901794817956
398.91661950636	9.797033690662225	-29.804659937829083
401.84762011184307	9.783170095726971	-29.993251612604205
404.80015595584246	9.769146539701376	-30.182674346547596
407.7743852664043	9.754961692865592	-30.372925554649672
410.77046743413933	9.740614226269033	-30.564002538806818
413.7885630207652	9.726102812026447	-30.75590248717524
416.82883376771093	9.711426123618327	-30.9486224735596
419.8914426047848	9.696582836195608	-31.142159456837593
422.97655365890614	9.681571626888534	-31.336510280421404
426.08433226289907	9.666391175119598	-31.531671671757017
429.21494496435736	9.651040162920436	-31.727640241862996
432.36855953456376	9.63551727525262	-31.92441248490831
435.5453449774858	9.619821200332158	-32.12198477783218
438.7454715388306	9.603950629957613	-32.32035338000507
441.96911071516877	9.587904259841768	-32.51951443293304
445.2164352631252	9.571680789946603	-32.719463960005854
448.487619208637	9.55527892482151	-32.92019786628988
451.78283785627985	9.538697373944608	-33.12171193836689
455.1022677986624	9.521934852066966	-33.32400184421933
458.44608692589065	9.504990079559635	-33.52706313316326
461.81447443509927	9.487861782763263	-33.730891235829645
465.2076108400576	9.470548694340184	-33.93548146419494
468.62567798084166	9.453049553628796	-34.140829011661715
472.06885903357966	9.435363107000024	-34.34692895319013
475.5373385202682	9.417488108215728	-34.55377624548103
479.0313023186611	9.399423318788836	-34.76136572721135
482.55093767223093	9.381167508345037	-34.96969211932274
486.096433200203	9.362719454985807	-35.17875002536373
489.66797890766446	9.344077945652627	-35.388533931886336
493.265766195744	9.3252417764921	-35.59903820889758
496.8899878718749	9.306209753221799	-35.81025711036682
500.5408381601204	9.286980691496725	-36.02218477478861
504.2185127115883	9.267553417275936	-36.23481522580277
507.9232086149127	9.247926767189373	-36.448142372871025
511.6551244068174	9.228099588904458	-36.662160012011185
515.414460082755	9.208070741492374	-36.87686182658923
519.2014171076252	9.187839095793695	-37.09224138816937
523.0161984265716	9.167403534783189	-37.30829215742267
526.8590084758553	9.146762953933546	-37.525007485094
530.7300531938163	9.125916261577746	-37.74238061302843
534.6295400319026	9.10486237926988	-37.960404675255816
538.5576779657935	9.083600242144136	-38.17907269913503
542.5146775065957	9.062128799271727	-38.39837760655703
546.5007507121261	9.040447014015474	-38.61831221520711
550.5161111982751	9.01855386438184	-38.83886923988611
554.560974150455	8.996448343370112	-39.060041293890485
558.6355563351317	8.974129459318505	-39.28182089045138
562.7400761114412	8.95159623624693	-39.504200444231856
566.8747534428928	8.928847714196145	-39.72717227288263
571.0398099091539	8.905882949563075	-39.95072859865558
575.2354687179285	8.882701015431998	-40.174861550074915
579.4619547169167	8.85930100190134	-40.399563163665285
583.7194944058651	8.835682016405922	-40.62482538573658
588.0083159487048	8.81184318403424	-40.850640074224685
592.3286491857787	8.78778364784065	-41.07699900058771
596.6807256461593	8.763502569152168	-41.30389385175698
601.0647785600561	8.738999127869622	-41.53131623214203
605.4810428713153	8.714272522762936	-41.75925766568887
609.9297552500071	8.689321971760277	-41.98770959799056
614.4111541051166	8.664146712230806	-42.21666339844978
618.9254795973105	8.638746001260877	-42.446110362491154
623.4729736518154	8.613119115923334	-42.67604171382408
628.0538799713788	8.58726535353976	-42.90644860675349
632.6684440493302	8.561184031935422	-43.13732212853835
637.3169131827372	8.53487448968668	-43.368653301796144
641.9995364856582	8.508336086360671	-43.60043308695288
646.7165649024934	8.481568202746994	-43.83265238473657
651.4682512214295	8.4545702410813	-44.06530203871314
656.2548500879943	8.427341625260421	-44.29837283786411
661.0766180186939	8.399881801049055	-44.531855519203106
665.9338134147667	8.372190236277602	-44.76574077043156
670.8266965760283	8.344266421031092	-45.00001923263059
675.7555297148215	8.316109867829045	-45.23468150298857
680.7205769700684	8.287720111796009	-45.46971813756216
685.7221044214258	8.259096710822671	-45.7051196540696
690.7603801035449	8.230239245717382	-45.9408765347143
695.8356740204348	8.20114732034792	-46.17697922903732
700.9482581599334	8.171820561773416	-46.413418156796794
706.0984065082803	8.142258620366244	-46.65018371087257
711.286395064804	8.112461169923764	-46.887266260194586
716.5125018567104	8.08242790776987	-47.1246561526926
721.7770069539829	8.05215855484617	-47.36234371826608
727.0801924843913	8.021652855792698	-47.6003192717718
732.4223426486119	7.990910579018154	-47.838573116027675
737.803743735457	7.9599315167594895	-48.07709554483073
743.2246841372182	7.928715485130853	-48.31587684598743
748.6854543651215	7.897262324161794	-48.55490730435421
754.1863470648927	7.865571897824699	-48.79417720488625
759.7276570324485	7.833644094051357	-49.033676835693335
765.3096812296844	7.801478824738799	-49.273396491099064
770.9327188003971	7.769076025744122	-49.51332647470355
776.5970710863122	7.736435656868555	-49.75345710244605
782.3030416432339	7.703557701830579	-49.993778705666315
788.0509362573131	7.670442168228208	-50.2342816341624
793.8410629614339	7.637089087490423	-50.474956259243
799.6737320517228	7.603498514817765	-50.715792976772555
805.5492561041733	7.569670529112199	-50.956782210206725
811.4679499914058	7.535605232896138	-51.19791441361694
817.4301308995309	7.501302752220925	-51.439180074701135
823.4361183451557	7.466763236564621	-51.68056971777991
829.4862341925038	7.431986858719256	-51.92207390677527
835.5808026706642	7.396973814667696	-52.16368324817044
841.7201503909674	7.361724323450085	-52.40538839394904
847.9046063644884	7.32623862702008	-52.647180044511344
854.1345020196786	7.2905169900909375	-52.889048951566394
860.4101712201277	7.254559699971571	-53.13098592099759
866.7319502824557	7.218367066392728	-53.37298181570048
873.1001779943336	7.181939421323431	-53.615027558390715
879.515195632644	7.145277118777767	-53.85711413438076
885.9773469817667	7.108380534612255	-54.09923259432348
892.4869783520037	7.071250066313917	-54.34137405692102
899.0444385981376	7.033886132779208	-54.58352971159755
905.6500791381277	6.996289174084	-54.8256908211343
912.3042539719414	6.958459651244782	-55.06784872426524
919.0073197005266	6.920398045971288	-55.30999483823219
925.7596355449225	6.8821048604107276	-55.55212066129788
932.5615633655054	6.843580616883828	-55.79421777521525
939.4134676813921	6.8048258576128475	-56.036277847652805
946.3157156899608	6.765841144441921	-56.27829263457296
953.2686772865404	6.726627058549681	-56.52025398256409
960.272725084228	6.687184200154684	-56.762153831123726
967.3282344338592	6.647513188213656	-57.003984214892554
974.4355834441225	6.607614660112829	-57.24573726583778
981.5951530018232	6.567489271352661	-57.487405215385195
988.8073267922955	6.527137695226132	-57.728980396498656
996.0724913199601	6.486560622490845	-57.970455245706205
1003.3910359290481	6.445758761035147	-58.21182230507255
1010.7633528244504	6.4047328355386846	-58.45307422411573
1018.1898370927534	6.363483587127324	-58.694203761669215
1025.6708867233958	6.322011773023062	-58.93520378768665
1033.2069026300087	6.280318166188829	-59.176067284990566
1040.798288671896	6.238403554968692	-59.41678735096304
1048.4454516756775	6.196268742723562	-59.6573571991787
1056.1488014570932	6.1539145474627235	-59.897770160979135
1063.9087508429593	6.11134180147144	-60.13801968698856
1071.7257156933038	6.068551350934797	-60.37809934857046
1079.600114923637	6.02554405555824	-60.61800283922449
1087.5323705274182	5.982320788184754	-60.85772397592422
1095.5229075986545	5.938882434409304	-61.09725670039437
1103.572154354694	5.895229892190414	-61.336595080328784
1111.6805421591682	5.851364071459431	-61.57573331054801
1119.8485055451104	5.807285893727551	-61.8146657140967
1128.0764822382441	5.762996291690906	-62.05338674328138
1136.3649131804348	5.718496208833993	-62.29189098064788
1144.7142425533327	5.673786599031525	-62.53017313989938
1153.12491780216	5.62886842614926	-62.76822806675416
1161.597389659708	5.583742663643601	-63.00605073974482
1170.132112170474	5.538410294160684	-63.243636270957225
1178.7295427150084	5.49287230913473	-63.480979906711674
1187.3901420344182	5.44712970838623	-63.71807702818475
1196.1143742550603	5.401183499720011	-63.954923151973475
1204.902706913415	5.355034698523394	-64.19151393060154
1213.7556109811399	5.308684327364791	-64.42784515296853
1222.6735608903125	5.262133415592767	-64.66391274474213
1231.6570345588482	5.215382998935967	-64.89971276869422
1240.7065134161257	5.168434119103859	-65.13524142498184
1249.8224824287693	5.121287823388836	-65.37049505137216
1259.005430126657	5.07394516426946	-65.60547012341415
1268.2558486290839	5.0264071990154315	-65.84016325455572
1277.5742336711478	4.978674989294122	-66.07457119620842
1286.9610846303106	4.930749600779088	-66.30869083775957
1296.41690455316	4.8826321027606365	-66.54251920653292
1305.9422001823718	4.834323567758591	-66.77605346769866
1315.5374819838569	4.785825071137512	-67.00929092413323
1325.2032641741348	4.737137690724327	-67.24222901623058
1334.9400647478685	4.688262506428869	-67.47486532166424
1344.7484055056475	4.639200599867001	-67.70719755510301
1354.6288120819297	4.589953053986974	-67.939223567879
1364.5818139732262	4.540520952698676	-68.17094134761102
1374.60794456647	4.490905380506256	-68.40234901778257
1384.7077411676025	4.441107422144073	-68.63344483727623
1394.8817450303688	4.39112816221609	-68.86422719986511
1405.1305013853168	4.3409686848389315	-69.09469463366221
1415.4545594690323	4.29063007328852	-69.32484580052912
1425.8544725535517	4.240113409650673	-69.55467949544418
1436.330797976034	4.189419774475398	-69.78419464583203
1446.8840971686088	4.138550246435356	-70.01339031085449
1457.5149356884785	4.087505901988237	-70.24226568066496
1468.22388324822	4.036287815043384	-70.47082007562585
1479.0115137463174	3.984897056632584	-70.69905294549156
1489.878405297917	3.9333346945851644	-70.92696386855671
1500.8251402658095	3.881601793207436	-71.15455255077136
1511.8523052916405	3.829699412966536	-71.38181882482374
1522.9604913273415	3.7776286101787915	-71.60876264919195
1534.1502936668153	3.72539043670248	-71.83538410716524
1545.422311977816	3.672985939635314	-72.06168340583544
1556.7771503341103	3.620416161016326	-72.28766087506088
1568.2154172478258	3.567682137532599	-72.51331696640179
1579.73772570208	3.5147849002304787	-72.73865225202998
1591.3446931838216	3.461725474231581	-72.96366742361243
1603.036941716924	3.4085048784535	-73.18836329117038
1614.8150978955216	3.355124125335196	-73.41274078191458
1626.6797929175805	3.301584220567225	-73.63680093905761
1638.6316626187438	3.24788616282657	-73.86054492060447
1650.6713475063807	3.194030943516451	-74.08397399812154
1662.7994927939392	3.1400195465106613	-74.30708955548594
1675.016748435497	3.0858529479028856	-74.52989308761491
1687.3237691606132	3.0315321157606085	-74.75238619917695
1699.7212145094056	2.9770580098838795	-74.9745706032852
1712.2097488678978	2.9224315815687776	-75.19644812017368
1724.7900415036272	2.867653773375605	-75.4180206758577
1737.4627666015	2.812725518901848	-75.63929030077844
1750.2286032999436	2.75764774255968	-75.86025912843365
1763.0882357272728	2.7024213593583712	-76.08092939399347
1776.0423530383825	2.647047274691076	-76.30130343290422
1789.0916494516532	2.59152638412648	-76.52138367947873
1802.2368242861733	2.5358595732048475	-76.74117266547567
1815.4785819992076	2.4800477172387447	-76.96067301866746
1828.8176322239517	2.4240916811182234	-77.17988746139781
1842.2546898075611	2.367992319120516	-77.3988188091295
1855.7904748494607	2.311750474724171	-77.61746996898292
1869.425712739936	2.2553669804275995	-77.83584393826625
1883.161134199	2.1988426575720026	-78.05394380299732
1896.9974753155711	2.142178316168546	-78.27177273641853
1910.9354775868944	2.085374754729978	-78.48933399750413
1924.975887958308	2.028432760106268	-78.70663092946224
1939.1194588632434	1.9713531073246573	-78.92366695822973
1953.366948263571	1.91413655943365	-79.140445590963
1967.7191196902095	1.8567838673512305	-79.35697041452283
1982.1767422840455	1.7992957697170622	-79.57324509395558
1996.740590837155	1.7416729927486978	-79.78927337096981
2011.411445834314	1.6839162501017557	-80.00505906240956
2026.1900934948485	1.6260262427338645	-80.22060605872471
2041.0773258147365	1.5680036587726753	-80.43591832243776
2056.0739406090856	1.5098491733873762	-80.65099988660901
2071.1807415548565	1.451563448664204	-80.86585485329913
2086.3985382339556	1.393147133485443	-81.08048739202988
2101.7281461766106	1.3346008634121471	-81.29490173824385
2117.170386905078	1.2759252605704086	-81.50910219176245
2132.7260879776695	1.2171209335411473	-81.72309311524332
2148.3960830330916	1.158188477253412	-81.93687893263683
2164.181211835145	1.0991284728809552	-82.15046412764275
2180.0823203176933	1.039941487742428	-82.3638532421657
2196.1002606300353	0.9806280752045614	-82.57705087477186
2212.2358911825363	0.921188774588944	-82.79006167914474
2228.4900766926567	0.8616241110817325	-83.00289036254229
2244.8636882312812	0.8019345956466819	-83.2155416842539
2261.357603269401	0.7421207249412456	-83.42802045405853
2277.9727057251407	0.6821829812357071	-83.64033153068345
2294.709886011125	0.6221218323353896	-83.85247982026414
2311.570041082201	0.5619377315057525	-84.0644702748051
2328.5540744834934	0.501631117400523	-84.27630789064196
2345.662896398852	0.44120241399251053	-84.4879977069049
2362.8974236995946	0.3806520305075281	-84.69954480398312
2380.2585799936796	0.31998036136080377	-84.91095430199123
2397.7472956751667	0.25918778609641513	-85.12223135923641
2415.364507974105	0.19827466932919402	-85.3333811706877
2433.1111610067464	0.1372413606894717	-85.54440896644648
2450.988205826143	0.0760881947703593	-85.75532001021836
2468.9966004731195	0.014815491077635443	-85.96611959778696
2487.1373100276005	-0.04657644601773827	-86.17681305548878
2505.4113066603586	-0.10808732732475634	-86.38740573869023
2523.819569685075	-0.16971687887475395	-86.59790303026527
2542.363085610861	-0.23146484196163436	-86.80831033907546
2561.0428481950908	-0.2933309731793835	-87.01863309845065
2579.859858496681	-0.35531504445740303	-87.22887676467161
2598.8151249297302	-0.41741684309335286	-87.43904681545378
2617.9096633175577	-0.4796361717836836	-87.64914874843217
2637.1444969471486	-0.5419728486518227	-87.85918807964782
2656.5206566239785	-0.6044267072740691	-88.069170342035
2676.0391807272817	-0.6669975967032691	-88.27910108390998
2695.701115265662	-0.7296853814900452	-88.48898586746002
2715.507513933189	-0.7924899417020487	-88.6988302672344
2735.4594381658267	-0.855411172940691	-88.90863986863495
2755.557957198347	-0.9184489863558905	-89.11842026640842
2775.8041481216164	-0.9816033086584857	-89.32817706313897
2796.1990959403197	-1.0448740821304807	-89.53791586774105
2816.7438936311078	-1.1082612646331194	-89.74764229395322
2837.439642201169	-1.1717648296127545	-89.95736195883175
2858.287450747237	-1.2353847661045587	-90.16708048124492
2879.2884365150135	-1.299121078734021	-90.37680348036703
2900.4437249590724	-1.3629737877163817	-90.58653657417294
2921.7544498031316	-1.4269429288536921	-90.79628537793178
2943.2217531008555	-1.4910285535299697	-91.0060555027015
2964.8467852970157	-1.5552307287038702	-91.21585255382195
2986.6307052891743	-1.6195495368994535	-91.42568212940856
3008.5746804897767	-1.6839850761945574	-91.63554981884496
3030.6798868887163	-1.748537460207082	-91.84546120127528
3052.94750911636	-1.8132068180790064	-92.05542184409559
3075.3787405070166	-1.8779932944581732	-92.26543730144449
3097.9747831629234	-1.9428970494779256	-92.47551311269332
3120.7368480186205	-2.007918258734303	-92.68565480093454
3143.6661549058963	-2.073057113261213	-92.8958678714702
3166.76393261911	-2.138313819503023	-93.10615781029807
3190.0314189810797	-2.203688599285099	-93.31653008259761
3213.4698609094016	-2.2691816897818344	-93.52699013121403
3237.080514483276	-2.334793343482391	-93.73754337514143
3260.8646450108254	-2.40052382815402	-93.94819520800426
3284.8235270968853	-2.46637342680296	-94.15895099653756
3308.958444711348	-2.53234243763298	-94.36981607906584
3333.2706912579224	-2.598431174001259	-94.58079576397999
3357.7615696435	-2.664639964371994	-94.79189532821343
3382.432392347929	-2.7309691522672273	-95.00312001571591
3407.284481494388	-2.797419096215299	-95.21447503592653
3432.319168920221	-2.8639901696965486	-95.42596556224464
3457.5377962483176	-2.930682761086439	-95.6375967304996
3482.941714959008	-2.9974972735959575	-95.84937363741882
3508.5322864624923	-3.064434125209292	-96.06130133909447
3534.3108821718006	-3.131493748618759	-96.27338484944877
3560.278883576272	-3.198676591156839	-96.48562913869759
3586.4376823156267	-3.2659831147255227	-96.69803913181354
3612.788680254493	-3.333413795722503	-96.91061970698674
3639.3332895575895	-3.4009691249647043	-97.12337569408567
3666.072932765351	-3.468649607608541	-97.33631187311578
3693.0090428702038	-3.5364557630673534	-97.54943297267828
3720.1430633933396	-3.604388124925632	-97.7627436684274
3747.4764484620814	-3.6724472408501256	-97.9762485815275
3775.0106628878125	-3.740633672497811	-98.18995227710931
3802.747182244459	-3.8089479954204846	-98.4038592627262
3830.6874929476085	-3.877390798966298	-98.61797398681033
3858.833092334108	-3.9459626861776442	-98.83230083712849
3887.1854887423733	-4.014664273685994	-99.04684413923896
3915.746201593159	-4.0834961916029275	-99.26160815494815
3944.5167614710313	-4.152459083407984	-99.4765970807687
3973.4987102063706	-4.221553605832748	-99.69181504637824
4002.693600958005	-4.2907804287414155	-99.9072661130797
4032.1029982964483	-4.360140235007713	-100.12295427226329
4061.728478287726	-4.42963372038801	-100.33888344387013
4091.5716285778817	-4.49926159339086	-100.55505747485888
4121.634048477999	-4.569024575142461	-100.7714801376742
4151.917349049978	-4.638923399248529	-100.98815512871909
4182.423153192804	-4.708958811651982	-101.20508606682975
4213.1530957295745	-4.779131570486889	-101.42227649175518
4244.10882349508	-4.849442445928226	-101.6397298626404
4275.291995424071	-4.919892220037658	-101.85744955651468
4306.704282640155	-4.99048168660516	-102.07543886678481
4338.347368545358	-5.061211650986472	-102.2937010017341
4370.222948910341	-5.132082929936365	-102.51223908302744
4402.332731965254	-5.203096351437551	-102.73105614422298
4434.6784384913335	-5.2742527545255005	-102.95015512929143
4467.261801913047	-5.345552989108581	-103.1695388911423
4500.0845683910675	-5.416997915784194	-103.38921019015946
4533.148496915778	-5.488588405650084	-103.60917169274461
4566.45535940159	-5.560325340111509	-103.82942596987115
4600.006940781874	-5.632209610683702	-104.0499754956477
4633.805039104627	-5.704242118789869	-104.27082264589258
4667.851465628829	-5.77642377555459	-104.49196969671974
4702.148044921488	-5.8487555015925885	-104.71341882313678
4736.696614955473	-5.921238226793003	-104.93517209765618
4771.499027207938	-5.993872890098736	-105.15723148891938
4806.557146759624	-6.066660439281448	-105.37959886033606
4841.872852394734	-6.13960183071152	-105.60227596873762
4877.44803670167	-6.212698029123558	-105.82526446304726
4913.284606174442	-6.28595000737702	-106.04856588296609
4949.384481314832	-6.3593587462121235	-106.2721816576769
4985.749596735327	-6.432925234001018	-106.49611310456626
5022.381901262767	-6.506650466494119	-106.7203614279653
5059.283358042845	-6.580535446561862	-106.94492771791106
5096.455944645228	-6.654581183931391	-107.16981294892766
5133.901653169624	-6.728788694918836	-107.39501797883017
5171.622490352465	-6.803159002156518	-107.62054354754999
5209.620477674498	-6.877693134315668	-107.84639027598443
5247.897651469098	-6.952392125824279	-108.07255866487021
5286.456063031395	-7.027257016580288	-108.29904909368221
5325.297778728216	-7.102288851660136	-108.52586181955859
5364.424880108807	-7.177488681022588	-108.75299697625272
5403.8394640164015	-7.252857559208035	-108.98045457311348
5443.54364270056	-7.328396545033118	-109.20823449409421
5483.5395439304275	-7.404106701280988	-109.43633649679212
5523.829311108678	-7.479989094386816	-109.66476021151786
5564.415103386471	-7.55604479411919	-109.89350514039789
5605.299095779079	-7.632274873256815	-110.12257065650884
5646.483479282504	-7.7086804072611645	-110.35195600304641
5687.970460990873	-7.785262473944727	-110.58166029252857
5729.76226421472	-7.862022153135134	-110.81168250603496
5771.861128600138	-7.9389605263351815	-111.0420214924826
5814.269310248776	-8.016078676378784	-111.27267596793973
5856.989081838812	-8.093377687083175	-111.50364451497829
5900.022732746652	-8.170858642896965	-111.73492558206564
5943.372569169721	-8.248522628544833	-111.9665174829978
5987.040914249959	-8.326370728668236	-112.19841839637303
6031.030108198386	-8.40440402746285	-112.4306263651092
6075.342508420488	-8.482623608312474	-112.66313929600376
6119.980489642554	-8.561030553419682	-112.89595495933841
6164.946444038949	-8.639625943433309	-113.12907098852912
6210.242781360277	-8.718410857072838	-113.36248487982199
6255.871929062592	-8.797386370750104	-113.59619399203692
6301.836332437392	-8.876553558187897	-113.83019554635808
6348.138454742764	-8.955913490036345	-114.06448662617457
6394.780777335299	-9.035467233486482	-114.29906417696928
6441.765799803133	-9.115215851881828	-114.53392500625924
6489.0960400998765	-9.195160404327616	-114.76906578358674
6536.7740346795545	-9.275301945298171	-115.00448304056233
6584.802338632541	-9.355641524242472	-115.24017317096084
6633.183525822482	-9.436180185188075	-115.47613243087049
6681.920189024242	-9.516918966343663	-115.71235693889636
6731.014940062816	-9.597858899700274	-115.94884267641835
6780.470409953374	-9.67900101063165	-116.18558548790497
6830.289249042155	-9.760346317493468	-116.42258108128235
6880.474127148613	-9.84189583122227	-116.65982502836059
6931.027733708389	-9.923650554933609	-116.89731276531646
6981.952777917515	-10.00561148352026	-117.1350395932341
7033.251988877568	-10.087779603250253	-117.37300067870333
7084.928115741928	-10.170155891365154	-117.61119105447663
7136.983927863119	-10.252741315678843	-117.84960562018456
7189.422214941179	-10.33553683417682	-118.08823914311037
7242.245787173246	-10.418543394616615	-118.3270862590242
7295.457475404044	-10.501761934129043	-118.56614147307612
7349.060131277709	-10.58519337882113	-118.80539916074996
7403.0566273905015	-10.66883864338034	-119.04485356887587
7457.44985744483	-10.75269863068091	-119.28449881670409
7512.242736404286	-10.83677423139208	-119.52432889703772
7567.438200649873	-10.921066323588777	-119.7643376774262
7623.039208137371	-11.00557577236481	-120.0045189014185
7679.048738555818	-11.09030342944889	-120.24486618987615
7735.46979348728	-11.175250132823882	-120.48537304234642
7792.305396567586	-11.260416706349092	-120.72603283849426
7849.558593648498	-11.345803959386526	-120.96683883959453
7907.232452960816	-11.431412686430589	-121.20778419008197
7965.3300652788985	-11.51724366674221	-121.44886191916089
8023.854544086254	-11.603297663987103	-121.69006494247236
8082.809025742405	-11.689575425878731	-121.93138606381913
8142.196669650969	-11.776077683826053	-122.17281797694801
8202.020658428968	-11.862805152586407	-122.41435326738845
8262.284198077401	-11.949758529923766	-122.65598441434732
8322.990518153005	-12.036938496272471	-122.89770379265846
8384.142871941433	-12.124345714407042	-123.13950367478759
8445.74453663146	-12.211980829117712	-123.38137623288964
8507.798813490757	-12.299844466892731	-123.62331354092001
8570.30902804267	-12.387937235606767	-123.86530757679682
8633.278530244535	-12.476259724216487	-124.10735022461476
8696.710694667167	-12.56481250246294	-124.3494332769082
8760.608920675699	-12.653596120581263	-124.59154843696356
8824.97663261178	-12.742611109017858	-124.83368732117907
8889.817279977036	-12.8318579781552	-125.07584146147096
8955.134337618028	-12.921337218044739	-125.31800230772531
9020.93130591234	-13.011049298147574	-125.56016123029315
9087.211710956302	-13.100994667083846	-125.80230952252903
9153.979104753837	-13.191173752390256	-126.04443840336994
9221.237065406895	-13.28158696028657	-126.28653901995494
9288.98919730717	-13.372234675450843	-126.52860245028238
9357.239131329272	-13.463117260803767	-126.77061970590461
9425.990525025314	-13.55423505730223	-127.01258173465736
9495.247062820874	-13.645588383742231	-127.25447942342335
9565.012456212553	-13.737177536571469	-127.49630360092782
9635.290443966725	-13.829002789711396	-127.73804504056395
9706.08479232007	-13.921064394389422	-127.97969446324805
9777.399295181245	-14.013362578980724	-128.22124254030047
9849.237774334319	-14.105897548860478	-128.46267989635254
9921.604079643532	-14.198669486266072	-128.7039971122767
9994.502089259626	-14.291678550169749	-128.94518472813806
10067.935709827683	-14.384924876161618	-129.1862332461657
10141.908876696432	-14.478408576343096	-129.42713313374176
10216.425554129244	-14.572129739231146	-129.66787482640686
10291.489735516523	-14.66608842967294	-129.90844873087917
10367.105443589677	-14.760284688771252	-130.14884522808535
10443.276730636753	-14.854718533820785	-130.38905467620225
10520.007678719569	-14.949389958255107	-130.6290674137065
10597.302399892533	-15.044298931604626	-130.86887376243047
10675.165036422964	-15.139445399465231	-131.10846403062217
10753.599761013045	-15.234829283477847	-131.34782851600784
10832.610777023474	-15.33045048131897	-131.5869575088544
10912.202318698772	-15.426308866702058	-131.82584129503095
10992.378651394158	-15.52240428938968	-132.064470159066
11073.144071804078	-15.618736575216495	-132.302834387199
11154.502908192548	-15.71530552612316	-132.54092427042488
11236.459520625047	-15.812110920200864	-132.77873010752856
11319.01830120226	-15.909152511746672	-133.0162422081084
11402.183674295393	-16.00643003132938	-133.25345089558584
11485.960096783241	-16.10394318586594	-133.49034651019974
11570.352058291077	-16.20169165870844	-133.72691941198374
11655.3640814313	-16.299675109741496	-133.96315998372472
11741.00072204576	-16.397893175489816	-134.19905863389974
11827.266569449856	-16.496345469235937	-134.4346057995905
11914.166246678556	-16.59503158114813	-134.66979194937352
12001.7044107341	-16.693951078418166	-134.90460758618354
12089.885752835642	-16.793103505408954	-135.13904325014929
12178.714998670604	-16.892488383811692	-135.37308952139912
12268.196908647886	-16.99210521281259	-135.6067370228354
12358.33627815302	-17.09195346926897	-135.83997642287576
12449.137937805213	-17.19203260789459	-136.07279843816008
12540.606753716173	-17.292342061453834	-136.3051938362206
12632.747627750832	-17.392881240964787	-136.5371534381148
12725.565497790118	-17.493649535910983	-136.76866812101903
12819.065337995527	-17.594646314461563	-136.9997288207813
12913.252159075771	-17.695870923699772	-137.2303265344328
13008.131008555252	-17.797322689859346	-137.46045232265513
13103.706971044503	-17.89900091856876	-137.6900973122036
13199.985168512736	-18.00090489510321	-137.91925269828462
13296.970760562383	-18.103033884643924	-138.14790974688614
13394.668944705543	-18.20538713254461	-138.37605979706004
13493.084956642471	-18.30796386460481	-138.6036942631548
13592.224070542217	-18.410763287350065	-138.83080463699875
13692.09159932535	-18.513784588318572	-139.05738249003204
13792.692894948485	-18.61702693635382	-139.2834194753856
13894.03334869133	-18.720489481903595	-139.50890732990888
13996.118391445401	-18.824171357324325	-139.73383787614193
14098.953494005158	-18.928071677191184	-139.95820302423456
14202.544167361239	-19.032189538613398	-140.18199477380958
14306.895962995746	-19.13652402155444	-140.4052052157705
14412.01447317969	-19.24107418915694	-140.62782653405253
14517.905331272745	-19.345839088072186	-140.84985100731706
14624.574212025194	-19.450817748793853	-141.0712710105889
14732.026831881998	-19.55600918599556	-141.2920790168353
14840.26894928907	-19.66141239887215	-141.5122675984869
14949.306365001965	-19.767026371484548	-141.7318294289008
15059.144922396694	-19.872850073107664	-141.95075728376435
15169.790507782956	-19.978882458581385	-142.1690440424406
15281.249050719533	-20.085122468664114	-142.38668268925434
15393.526524331992	-20.191569030388678	-142.60366631471925
15506.628945632854	-20.298221057420605	-142.81998811670599
15620.562375844112	-20.405077450418258	-143.03564140155123
15735.332920721989	-20.512137097394564	-143.25061958510773
15850.946730884085	-20.619398874080133	-143.464916193735
15967.410002139097	-20.72686164428781	-143.6785248652321
16084.728975818776	-20.83452426027783	-143.89143934971113
16202.909939112513	-20.94238556312405	-144.10365351041324
16321.959225404205	-21.05044438308033	-144.315161324466
16441.883214611596	-21.158699539947246	-144.52595688358346
16562.68833352825	-21.26714984343891	-144.7360343947091
16684.38105616803	-21.375794093549555	-144.94538818060218
16806.967904111974	-21.484631080919595	-145.1540126803673
16930.455446857737	-21.593659587201024	-145.36190244992864
17054.85030217174	-21.702878385422125	-145.56905216244874
17180.159136443755	-21.812286240350897	-145.77545660869288
17306.38866504427	-21.92188190885746	-145.98111069733943
17433.54565268429	-22.031664140274742	-146.18600945523661
17561.636913777813	-22.141631676757573	-146.3901480276069
17690.66931280706	-22.251783253640028	-146.59352167819924
17820.64976469043	-22.36211759979072	-146.79612578939063
17951.58523515302	-22.472633437965772	-146.99795586223655
18083.48274109981	-22.583329485159418	-147.19900751647248
18216.34935099186	-22.69420445295218	-147.3992764904661
18350.192185224998	-22.80525704785623	-147.59875864112206
18485.018416511542	-22.916485971657924	-147.79744994373968
18620.835270264604	-23.027889921757293	-147.99534649182422
18757.650024985236	-23.139467591504285	-148.19244449685297
18895.470012652557	-23.251217670531844	-148.38874028799748
19034.30261911676	-23.363138845085526	-148.58423031180203
19174.155284494842	-23.47522979834948	-148.77891113182022
19315.03550356926	-23.587489210768638	-148.97277942820938
19456.95082618967	-23.699915760367357	-149.16583199728544
19599.908857677477	-23.812508123063868	-149.358065751038
19743.91725923352	-23.92526497298094	-149.5494777166073
19888.983748348543	-24.038184982752206	-149.74006503572338
20035.116099216724	-24.151266823824283	-149.92982496410932
20182.322143152367	-24.26450916675464	-150.118754870849
20330.60976900967	-24.37791068150517	-150.30685223772096
20479.986923605396	-24.491470037731034	-150.4941146584986
20630.461612144707	-24.60518590506503	-150.68053983821838
20782.041898650194	-24.719056953397406	-150.86612559241695
20934.735906394202	-24.833081853151036	-151.05086984633851
21088.551818333854	-24.947259275551566	-151.23477063411244
21243.4978775499	-25.061587892893122	-151.4178260979037
21399.582387688202	-25.176066378798826	-151.60003448703569
21556.81371340483	-25.29069340847661	-151.78139415708762
21715.200280814443	-25.405467658970174	-151.9619035689669
21874.75057794173	-25.520387809404724	-152.14156128795767
22035.473155176238	-25.63545254122782	-152.32036598274615
22197.376625730638	-25.75066053844524	-152.4983164244248
22360.469666102443	-25.86601048785188	-152.67541148547534
22524.761016538865	-25.981501079257377	-152.85165013873186
22690.259481505138	-26.0971310057067	-153.0270314563251
22856.97393015648	-26.212898963695835	-153.20155460860903
23024.913296813305	-26.32880365338216	-153.37521886307042
23194.086581440173	-26.444843778789956	-153.54802358322246
23364.50285012798	-26.56101804801063	-153.7199682274834
23536.171235579754	-26.67732517339788	-153.89105234804077
23709.10093760015	-26.793763871757875	-154.06127558970283
23883.301223588584	-26.910332864534453	-154.23063768873777
24058.781429035767	-27.02703087798909	-154.39913847170095
24235.55095802393	-27.143856643375873	-154.56677785425208
24413.619283730906	-27.260808897111637	-154.73355583996255
24592.995948937725	-27.377886380940982	-154.8994725191138
24773.690566540165	-27.495087842096495	-155.06452806748808
24955.712820063804	-27.612412033453907	-155.22872274515134
25139.072464182875	-27.729857713682385	-155.39205689522998
25323.779325243115	-27.847423647390116	-155.5545309426821
25509.843301788478	-27.96510860526508	-155.71614539306364
25697.274365091493	-28.082911364210958	-155.87690083129033
25886.082559687526	-28.200830707478314	-156.03679792039614
26076.27800391323	-28.31886542479129	-156.19583740028912
26267.870890448696	-28.43701431246949	-156.35402008650502
26460.871486863827	-28.555276173545497	-156.51134686895972
26655.29013616849	-28.67364981787769	-156.66781871070057
26851.137257366685	-28.792134062258587	-156.82343664665783
27048.423346015028	-28.910727730518964	-156.97820178239658
27247.158974785307	-29.02942965362754	-157.13211529286977
27447.354794030976	-29.148238669786277	-157.28517842117276
27649.021532357812	-29.267153624521498	-157.43739247730025
27852.169997199006	-29.386173370770887	-157.5887588369058
28056.811075394253	-29.505296768966275	-157.73927894006502
28262.955733773346	-29.62452268711255	-157.8889542900422
28470.615019743786	-29.74385000086236	-158.03778645206145
28679.800061882685	-29.863277593586925	-158.18577705208247
28890.522070533287	-29.98280435644312	-158.33292777558168
29102.79233840585	-30.102429188436748	-158.47924036633913
29316.6222411827	-30.222150996481936	-158.6247166252313
29532.023238127767	-30.341968695456913	-158.7693584090305
29749.006872700837	-30.46188120825629	-158.91316762921136
29967.58477317608	-30.58188746583971	-159.0561462507642
30187.76865326539	-30.701986407277143	-159.19829629101667
30409.570312745996	-30.822176979790648	-159.33961981846284
30633.001638092715	-30.942458138792794	-159.48011895160073
30858.074603115063	-31.062828847921956	-159.61979585777874
31084.801269599073	-31.18328807907444	-159.75865275205095
31313.19378795356	-31.303834812433276	-159.89669189604143
31543.26439786115	-31.42446803649404	-160.0339155968181
31775.02542893432	-31.545186748087765	-160.17032620577683
32008.48930137637	-31.665989952400974	-160.30592611753482
32243.668526646554	-31.786876662992537	-160.44071776883487
32480.575708131106	-31.907845901808184	-160.5747036374597
32719.2235418182	-32.028896699191876	-160.70788624115707
32959.62481697853	-32.15002809389478	-160.84026813657576
33201.79241685085	-32.27123913308168	-160.97185191821268
33445.73931933221	-32.39252887233463	-161.1026402173711
33691.478597673384	-32.513896375654284	-161.23263570113
33939.02342117953	-32.635340715458845	-161.36184107132547
34188.38705591623	-32.75686097258076	-161.4902590635434
34439.58286541986	-32.8784562362608	-161.6178924461237
34692.62431141437	-33.000125604140464	-161.74474401917718
34947.52495453218	-33.121868182251646	-161.8708166136133
35204.29845504112	-33.24368308500469	-161.99611309018115
35462.95857357664	-33.365569435174265	-162.12063633852176
35723.5191718791	-33.48752636388318	-162.24438927623285
35985.99421353651	-33.60955301058431	-162.36737484794605
36250.397764732945	-33.7316485230408	-162.48959602441616
36516.74399500253	-33.853812057304474	-162.61105580162317
36785.04717798866	-33.97604277769237	-162.73175719988635
37055.32169220876	-34.09833985676159	-162.8517032629909
37327.582021825096	-34.220702475282756	-162.97089705732714
37601.84275742078	-34.34312982221164	-163.08934167104212
37878.11859678197	-34.465621094659504	-163.20704021320384
38156.424345685366	-34.588175497861826	-163.32399581297778
38436.77491869149	-34.710792245145555	-163.4402116188159
38719.18533994413	-34.8334705578952	-163.55569079765823
39003.67074397565	-34.95620966551754	-163.6704365341471
39290.24637651791	-35.07900880540508	-163.78445202985324
39578.92759531912	-35.201867222898116	-163.89774050251478
39869.72987096711	-35.324784171245945	-164.0103051852883
40162.66878771824	-35.44775891156667	-164.12214932601233
40457.760044332856	-35.570790712806286	-164.2332761864831
40755.01945491637	-35.69387885169634	-164.34368904174235
41054.46294976663	-35.8170226127108	-164.45339117937746
41356.106576227765	-35.940221288021995	-164.56238589883347
41659.96649955036	-36.06347417745576	-164.67067651073737
41966.0590037576	-36.186780588445494	-164.77826633623417
42274.400492517736	-36.31013983598547	-164.88515870633464
42585.00749002346	-36.43355124258352	-164.99135696127524
42897.89664187725	-36.55701413821281	-165.09686444988944
43213.084715983685	-36.680527860263076	-165.20168452899088
43530.58860344787	-36.80409175349106	-165.30582056276785
43850.42531948046	-36.92770516997028	-165.40927592218932
44172.61200430973	-37.051367469040414	-165.51205398442224
44497.165924100234	-37.175078017256034	-165.61415813226023
44824.10447187798	-37.29883618833475	-165.71559175356325
45153.445168462364	-37.42264136310484	-165.81635824070833
45485.205663405344	-37.54649292945263	-165.91646099005143
45819.40373593714	-37.67039028226923	-166.01590340139973
46156.05729591931	-37.79433282339705	-166.11468887749507
46495.18438480435	-37.91831996157582	-166.21282082350785
46836.803176602356	-38.04235111238824	-166.31030264654117
47180.931978855195	-38.16642569820547	-166.40713775514575
47527.58923361777	-38.29054314813236	-166.5033295588449
47876.79351844618	-38.414702897952196	-166.5988814676697
48228.56354739309	-38.53890439007139	-166.69379689170418
48582.91817201082	-38.66314707346391	-166.78807924064034
48939.87638236191	-38.78743040361574	-166.88173192334332
49299.45730803614	-38.911753842468705	-166.97475834742568
49661.68021917644	-39.03611685836475	-167.06716191883189
50026.564527510935	-39.1605189259896	-167.15894604143156
50394.129787393504	-39.28495952631665	-167.2501141166227
50764.39569685193	-39.40943814655072	-167.34066954294363
51137.3820986433	-39.53395428007177	-167.4306157156941
51513.10898131722	-39.658507426378364	-167.51995602656552
51891.59648028718	-39.78309709103149	-167.60869386327994
52272.864878909975	-39.90772278559827	-167.69683260923762
52656.93460957191	-40.0323840275954	-167.78437564317323
53043.8262547847	-40.157080340433254	-167.87132633882075
53433.560548287685	-40.28181125335932	-167.95768806458616
53826.15837615935	-40.406576301402275	-168.04346418322902
54221.64077793678	-40.53137502531601	-168.1286580515516
54620.02894774299	-40.656206971523616	-168.2132730200963
55021.34423542251	-40.7810716920616	-168.29731243285065
55425.608147685765	-40.90596874452426	-168.38077962696033
55832.84234926181	-41.03089769200824	-168.46367793244968
56243.0686640592	-41.155858103057184	-168.54601067194966
56656.309076335274	-41.28084955160653	-168.62778116043302
57072.585731874635	-41.40587161692857	-168.70899270495713
57491.92093917576	-41.530923883577735	-168.78964860441363
57914.337170646846	-41.656005941336076	-168.8697521492852
58339.85706380991	-41.781117385158936	-168.94930662140925
58768.5034225137	-41.90625781512072	-169.02831529374822
59200.29921815597	-42.03142683636124	-169.10678143016682
59635.267590914824	-42.156624059032104	-169.18470828521572
60073.431850988556	-42.28184909824336	-169.26209910392157
60514.815479844576	-42.40710157401039	-169.33895712158346
60959.44213147821	-42.5323811112012	-169.41528556357568
61407.33563368006	-42.65768733948391	-169.4910876451563
61858.519989313296	-42.78301989327466	-169.56636657128232
62313.01937759981	-42.90837841168564	-169.64112553642997
62770.85815541566	-43.03376253847346	-169.71536772442133
63232.06085859668	-43.15917192198793	-169.78909630825657
63696.652203253565	-43.2846062151212	-169.8623144499516
64164.657087096224	-43.410065075257116	-169.93502530038128
64636.10059076778	-43.535548164220785	-170.00723199912804
65111.00797918905	-43.661055148228805	-170.07893767433572
65589.40470291222	-43.78658569783958	-170.1501454425685
66071.31639948518	-43.91213948790413	-170.22085840867524
66556.76889482516	-44.03771619751715	-170.2910796656584
67045.78820460255	-44.1633155099684	-170.360812294548
67538.40053563529	-44.288937112694555	-170.43005936428042
68034.63228729359	-44.414580697231465	-170.49882393158174
68534.51005291447	-44.540245959166626	-170.56710904085597
69038.0606212266	-44.665932598092	-170.63491772407738
69545.3109777863	-44.79164031755741	-170.7022530006876
70056.2883064235	-44.91736882502414	-170.76911787749668
70571.01999069893	-45.043117831819	-170.83551534858896
71089.53361537131	-45.16888705308877	-170.9014483952325
71611.85696787541	-45.29467620775481	-170.96691998579277
72138.01803981142	-45.42048501846838	-171.03193307565053
72668.04502844533	-45.5463132115662	-171.0964906071233
73201.96633821982	-45.67216051702637	-171.16059550939096
73739.81058227607	-45.798026668424576	-171.22425069842464
74281.60658398754	-45.92391140289091	-171.28745907691976
74827.383378505	-46.04981446106703	-171.3502235342324
75377.17021431155	-46.17573558706344	-171.41254694631908
75930.99655479127	-46.30167452841765	-171.47443217568008
76488.89207980708	-46.42763103605211	-171.53588207130616
77050.88668729173	-46.55360486423308	-171.59689946862846
77617.01049485046	-46.67959577052966	-171.65748718947165
78187.29384137462	-46.805603515773186	-171.71764804201013
78761.76728866728	-46.931627864016946	-171.77738482072738
79340.46162308133	-47.05766858249654	-171.83670030637816
79923.40785716986	-47.18372544159045	-171.89559726595397
80510.63723134698	-47.30979821478086	-171.9540784526509
81102.18121556332	-47.43588667861531	-172.01214660584054
81698.0715109914	-47.56199061266816	-172.0698044510436
82298.34005172495	-47.68810979950287	-172.12705469990615
82903.01900649071	-47.81424402463453	-172.1839000501784
83512.14078037189	-47.94039307649278	-172.24034318569622
84125.7380165446	-48.066556746384975	-172.2963867763646
84743.8435980274	-48.19273482845989	-172.3520334781445
85366.490649444	-48.31892711967189	-172.40728593304087
85993.71253879799	-48.44513341974525	-172.46214676909398
86625.54287926074	-48.571353531138854	-172.51661860037228
87262.01553097328	-48.69758725901153	-172.57070402696792
87903.16460286049	-48.823834411187434	-172.62440563499408
88549.02445445959	-48.95009479812215	-172.67772599658466
89199.6296977611	-49.07636823286883	-172.73066766989567
89855.01519906343	-49.20265453104481	-172.78323319910888
90515.21608084162	-49.328953510798634	-172.83542511443721
91180.26772363004	-49.455264992777536	-172.88724593213212
91850.20576791803	-49.58158880009512	-172.93869815449273
92525.06611605959	-49.70792475829928	-172.9897842698767
93204.88493419786	-49.834272695340836	-173.04050675271296
93889.69865420304	-49.96063244154226	-173.09086806351604
94579.54397562523	-50.087003829566825	-173.14087064890194
95274.45786766088	-50.21338669438815	-173.19051694160586
95974.47757113361	-50.3397808732599	-173.23980936050114
96679.64060049031	-50.46618620568604	-173.28875031062003
97389.98474581195	-50.592602533391485	-173.3373421831756
98105.54807483844	-50.719029700292836	-173.38558735558553
98826.36893500823	-50.845467552469486	-173.43348819149665
99552.48595551403	-50.971915938135396	-173.48104704081135
100283.93804937252	-51.09837470761071	-173.52826623971518
101020.76441551035	-51.22484371329419	-173.57514811070553
101763.00454086442	-51.3513228096356	-173.6216949626217
102510.69820249763	-51.477811853108484	-173.6679090906761
103263.8854697309	-51.60431070218347	-173.71379277648668
104022.60670629097	-51.73081921730169	-173.7593482881104
104786.90257247312	-51.85733726084865	-173.80457788007786
105556.81402731969	-51.98386469712817	-173.84948379342876
106332.38233081577	-52.11040139233697	-173.8940682557489
107113.64904609992	-52.2369472145393	-173.9383334812074
107900.65604169221	-52.36350203364207	-173.9822816705958
108693.44549373754	-52.49006572137016	-174.02591501136718
109492.05988826544	-52.61663815124194	-174.06923567767674
110296.54202346735	-52.743219198545304	-174.11224583042326
111106.93501199069	-52.86980874031396	-174.1549476172909
111923.28228324876	-52.99640665530382	-174.19734317279244
112745.62758574782	-53.12301282396986	-174.2394346183129
113574.0149894319	-53.24962712844312	-174.28122406215394
114408.48888804535	-53.376249452508375	-174.32271359957923
115249.09400151022	-53.50287968158134	-174.3639053128602
116095.87537832478	-53.629517702687046	-174.4048012713227
116948.87839797595	-53.7561634044377	-174.44540353139436
117808.14877337196	-53.88281667701133	-174.48571413665215
118673.73255329265	-54.009477412130565	-174.52573511787114
119545.6761248567	-54.136145503041604	-174.56546849307344
120424.02621600716	-54.26282084449341	-174.60491626757766
121308.82989801596	-54.389503332717325	-174.64408043404939
122200.13458800735	-54.516192865406964	-174.68296297255148
123097.98805149723	-54.64288934169804	-174.72156585059545
124002.43840495496	-54.76959266214894	-174.75989102319295
124913.53411838012	-54.89630272872106	-174.7979404329079
125831.32401790087	-55.023019444759676	-174.835716009909
126755.85728839105	-55.14974271497509	-174.8732196720225
127687.18347610552	-55.27647244542387	-174.91045332478578
128625.35249133485	-55.40320854349027	-174.94741886150067
129570.41461108056	-55.529950917868106	-174.98411816328777
130522.42048175001	-55.65669947854279	-175.02055309914067
131481.42112187005	-55.7834541367736	-175.05672552598074
132447.46792482067	-55.91021480507593	-175.09263728871198
133420.61266158978	-56.0369813972042	-175.1282902202764
134400.90748354743	-56.16375382813467	-175.1636861417096
135388.40492524116	-56.290532014048694	-175.19882686219654
136383.157907211	-56.417315872315996	-175.2337141791276
137385.2197388248	-56.54410532147815	-175.26834987815474
138394.64412113582	-56.670900281232555	-175.30273573324826
139411.48514976105	-56.79770067241637	-175.33687350675314
140435.79731777974	-56.92450641699075	-175.37076494944628
141467.6355186531	-57.051317438025166	-175.4044118005932
142507.05504916684	-57.178133659682125	-175.43781578800548
143554.1116123942	-57.30495500720198	-175.47097862809795
144608.86132068175	-57.43178140688801	-175.50390202594622
145671.3606986561	-57.55861278609159	-175.53658767534426
146741.6666862523	-57.68544907319757	-175.56903725886212
147819.8366417661	-57.81229019760992	-175.6012524479037
148905.92834492816	-57.93913608973767	-175.63323490276463
150000.00000000003	-58.065986680980764	-175.66498627269021
