100.0	10.84889458648197	-3.725861477292764
100.73474015926176	10.848782275945206	-3.7532273589957126
101.47487874953984	10.848668308976446	-3.7807940972489584
102.2204554352749	10.848552661145769	-3.808563163120542
102.97151017233814	10.848435307662957	-3.836536038382239
103.72808321017273	10.848316223372187	-3.8647142155859218
104.49021509395033	10.848195382746637	-3.8930991981402476
105.25794666674457	10.848072759883012	-3.9216925003881373
106.03131907171947	10.847948328495995	-3.950495647684533
106.81037375433438	10.84782206191261	-3.979510176474794
107.59515246456506	10.847693933066516	-4.008737634373522
108.38569725914114	10.847563914492184	-4.038179580243972
109.18205050379993	10.847431978319042	-4.067837584278004
109.9842548755568	10.847298096265472	-4.097713228076507
110.79235336499234	10.847162239632764	-4.12780810473039
111.60638927855625	10.847024379298965	-4.158123818902032
112.42640624088781	10.846884485712632	-4.188661986907392
113.2524481971544	10.846742528886503	-4.2194242367985435
114.084559415406	10.846598478391074	-4.250412208446786
114.92278448894784	10.846452303348062	-4.281627553626297
115.76716833872999	10.846303972423804	-4.313071936098362
116.61775621575481	10.846153453822538	-4.344747031696096
117.47459370350194	10.846000715279583	-4.376654528409739
118.33772672037117	10.845845724054426	-4.4087961264724544
119.20720152214317	10.845688446923717	-4.441173538446784
120.08306470445858	10.845528850174128	-4.4737884893115725
120.96536320531453	10.845366899595149	-4.506642716549467
121.85414430758082	10.845202560471742	-4.5397379702349845
122.7494556415334	10.845035797576909	-4.573076013123152
123.65134518740695	10.844866575164144	-4.606658620738673
124.55986127796622	10.844694856959755	-4.640487581465692
125.47505260109618	10.844520606155129	-4.674564696638144
126.39696820241126	10.844343785398799	-4.708891780630596
127.32565748788369	10.844164356788472	-4.7434706609497965
128.2611702264914	10.843982281862898	-4.7783031783266265
129.20355655288452	10.843797521593618	-4.813391186808774
130.15286697007303	10.843610036376614	-4.848736553853907
131.1091523521327	10.843419786023823	-4.884341160423464
132.07246394693152	10.843226729754502	-4.9202069010770275
133.04285337887615	10.843030826186531	-4.956335684067231
134.02037265167849	10.842832033327511	-4.992729431435328
135.00507415114262	10.842630308565777	-5.029390079107246
135.9970106479722	10.842425608661266	-5.066319576990352
136.99623530059836	10.842217889736263	-5.103519889070749
138.00280165802872	10.842007107265982	-5.140992993511137
139.0167636627166	10.841793216069037	-5.178740882749286
140.0381756534526	10.841576170297763	-5.216765563597188
141.06709236827606	10.841355923428381	-5.255069057340649
142.1035689474087	10.841132428251045	-5.2936533998395925
143.14766093620952	10.840905636859716	-5.332520641628994
144.1994242881517	10.840675500641899	-5.371672848020253
145.25891536782103	10.84044197026824	-5.4111120992033825
146.32619095393648	10.840204995681939	-5.450840490349641
147.4013082423931	10.83996452608803	-5.490860131714774
148.48432484932732	10.83972050994253	-5.53117314874302
149.57529881420402	10.839472894941338	-5.571781682171514
150.67428860292776	10.839221628009081	-5.612687888135448
151.78135311097546	10.83896665528772	-5.6538939382737965
152.89655166655268	10.838707922125021	-5.695402019835591
154.01994403377327	10.838445373062841	-5.737214335786944
155.15159041586188	10.838178951825249	-5.779333104918525
156.29155145838055	10.837908601306477	-5.8217605619537505
157.43988825247854	10.837634263558677	-5.864498957657535
158.5966623381665	10.83735587977953	-5.907550558945723
159.7619357076138	10.837073390299615	-5.950917648995041
160.93577080847157	10.836786734569666	-5.994602527353749
162.1182305472189	10.836495851147575	-6.038607510052785
163.3093782925339	10.836200677685248	-6.082934929717696
164.50927787868986	10.83590115091525	-6.127587135681023
165.71799360897612	10.835597206637239	-6.1725664940953795
166.9355902591441	10.83528877970424	-6.217875388047084
168.1621330808787	10.834975804008678	-6.2635162176705075
169.39768780529513	10.834658212468216	-6.309491400262905
170.64232064646166	10.834335937011407	-6.355803370399959
171.89609830494746	10.834008908563105	-6.40245458005183
173.15908797139798	10.833677057029668	-6.449447498699922
174.43135733013526	10.833340311283962	-6.49678461345421
175.71297456278515	10.83299859915012	-6.544468429171141
177.00400835193133	10.832651847388096	-6.592501468572138
178.30452788479602	10.83229998167797	-6.640886272362827
179.6146028569477	10.831942926604059	-6.689625399352653
180.93430347603623	10.83158060563874	-6.73872142657531
182.26370046555522	10.831212941126093	-6.788176949409601
183.6028650686324	10.830839854265255	-6.8379945817010075
184.95186905184684	10.830461265093563	-6.888176955883779
186.310784709076	10.830077092469443	-6.938726723103647
187.6796848653693	10.82968725405502	-6.989646553341104
189.05864288085107	10.829291666298506	-7.040939135535269
190.447732654652	10.828890244416316	-7.092607177708382
191.84702862886917	10.828482902374915	-7.144653407090771
193.2566057925559	10.82806955287242	-7.197080570246534
194.67653968574	10.8276501073199	-7.249891433199657
196.1069064034725	10.827224475822405	-7.3030887815607395
197.54778259990468	10.826792567159773	-7.356675420654353
198.9992454923973	10.826354288767066	-7.410654175646842
200.46137286565786	10.825909546714785	-7.465027891674798
201.9342430759093	10.825458245688761	-7.519799433973984
203.4179350550893	10.825000288969775	-7.574971688008794
204.91252831508004	10.824535578412853	-7.6305475596023555
206.41810295196956	10.824064014426277	-7.686529975067081
207.93473965034397	10.823585495950283	-7.7429218813357314
209.46251968761166	10.823099920435425	-7.799726246093096
211.0015249383579	10.822607183820669	-7.856946057908068
212.55183787873497	10.822107180511109	-7.914584326366293
214.11354159087898	10.821599803355397	-7.972644082203262
215.68671976736482	10.82108494362284	-8.031128377438053
217.27145671569002	10.820562490980103	-8.090040285507321
218.86783736279324	10.82003233346769	-8.14938290139992
220.4759472596054	10.819494357475934	-8.209159341791988
222.0958725856345	10.818948447720755	-8.269372745182425
223.727700153584	10.818394487218983	-8.330026272028848
225.37151741400513	10.817832357263384	-8.391123104884068
227.02741245998368	10.817261937397252	-8.452666448532838
228.69547403186002	10.816683105388691	-8.514659530129117
230.37579152198614	10.816095737204485	-8.577105599333814
232.06845497951534	10.81549970698358	-8.640007928452748
233.77355511522816	10.814894887010206	-8.7033698125752
235.49118330639365	10.81428114768659	-8.767194569712682
237.22143160166647	10.813658357505256	-8.831485540938145
238.96439272601958	10.813026383020944	-8.896246090525514
240.72016008571364	10.812385088822104	-8.961479606089613
242.48882777330286	10.811734337501981	-9.02718949872633
244.2704905726764	10.811073989629262	-9.093379203153127
246.06524396413957	10.81040390371831	-9.160052177849927
247.87318412952953	10.809723936198957	-9.227211905200173
249.69440795737006	10.809033941385845	-9.294861891632147
251.52901304806375	10.80833377144735	-9.363005667760648
253.37709771912265	10.807623276374008	-9.431646788528793
255.23876101043695	10.806902303946515	-9.500788833350098
257.1141026895828	10.806170699703241	-9.570435406250763
259.00322325716894	10.80542830690729	-9.640590136012031
260.9062239522215	10.80467496651304	-9.711256676312889
262.8232067576122	10.803910517132248	-9.782438705872723
264.75427440551994	10.803134794999611	-9.854139928594224
266.6995303829394	10.802347633937861	-9.926364073706303
268.65907893722533	10.80154886532233	-9.999114895907173
270.63302508167993	10.800738318045005	-10.072396175507462
272.62147460117995	10.799915818478066	-10.146211718573248
274.62453405784646	10.79908119043688	-10.220565357069251
276.64231079675494	10.798234255142468	-10.295460949001965
278.67491295168844	10.797374831183417	-10.370902378562675
280.7224494509326	10.796502734477258	-10.446893556270542
282.78503002311186	10.795617778231243	-10.523438419115427
284.8627652030721	10.79471977290259	-10.600540930700765
286.95576633780263	10.793808526158145	-10.678205081386153
289.0641455924038	10.792883842833419	-10.756434888429808
291.18801595609807	10.791945524891105	-10.835234396130867
293.32749124828507	10.790993371378905	-10.914607675971316
295.4826861246413	10.790027178386836	-10.994558826757832
297.6537160832644	10.789046739003826	-11.075091974763078
299.84069747086346	10.78805184327376	-11.156211273866884
302.04374748899244	10.787042278150842	-11.237920905696905
304.2629842003333	10.786017827454328	-11.320225079768914
306.49852653502137	10.784978271822595	-11.403128033626697
308.75049429701977	10.783923388666574	-11.48663403298129
311.01900817053917	10.782852952122466	-11.570747371849924
313.30418972650574	10.781766733003808	-11.655472372694224
315.60616142907605	10.780664498752843	-11.740813386557823
317.9250466422	10.77954601339118	-11.82677479320337
320.26096963623223	10.778411037469732	-11.913361001248827
322.61405559459047	10.77725932801799	-12.000576448302962
324.9844306204673	10.776090638492464	-12.088425601100155
327.3722217435841	10.774904718724507	-12.176912955634236
329.7775569270016	10.773701314867285	-12.266043037291531
332.20056507397663	10.772480169342034	-12.355820400982951
334.64137603486967	10.771241020783545	-12.446249631274993
337.100120614104	10.769983603984869	-12.537335342519826
339.5769305771757	10.768707649841202	-12.62908217898421
342.071938657715	10.767412885293002	-12.721494814977175
344.5852785645981	10.766099033268265	-12.814577954976588
347.1170849891166	10.764765812624017	-12.908336333754463
349.6674936121904	10.763412938086896	-13.00277471650077
352.2366411116433	10.762040120192982	-13.09789789894596
354.82466516952525	10.760647065226694	-13.193710707481964
357.4317044794918	10.759233475158837	-13.290217999281698
360.0578987542365	10.757799047583806	-13.387424662416905
362.70338873297794	10.75634347565584	-13.485335615974297
365.3683161890024	10.754866448024416	-13.583955810170018
368.0528239372615	10.75336764876871	-13.683290226462164
370.757055842026	10.751846757331112	-13.7833438776615
373.4811568245939	10.750303448449847	-13.884121808040065
376.2252728710596	10.748737392090607	-13.985629093437876
378.9895510401354	10.74714825337722	-14.087870841367268
381.77413947103315	10.745535692521372	-14.190852191115182
384.57918739140285	10.743899364751297	-14.294578313842909
387.40484512533004	10.742238920239517	-14.399054412683666
390.25126410139166	10.740554004029514	-14.50428572283738
393.1185968607713	10.73884425596142	-14.610277511663101
396.0069970654341	10.737109310596633	-14.71703507876854
398.91661950636	10.735348797141421	-14.824563756096756
401.84762011184307	10.733562339369406	-14.932868908010235
404.80015595584246	10.731749555543026	-15.04195593137143
407.7743852664043	10.729910058333864	-15.15183025562069
410.77046743413933	10.72804345474189	-15.262497342850565
413.7885630207652	10.726149346013585	-15.373962687876894
416.82883376771093	10.724227327558925	-15.486231818306436
419.8914426047848	10.722276988867234	-15.599310294600812
422.97655365890614	10.72029791342187	-15.713203710136735
426.08433226289907	10.718289678613715	-15.827917691262416
429.21494496435736	10.716251855653535	-15.943457897350035
432.36855953456376	10.71418400948309	-16.059830020843794
435.5453449774858	10.712085698685048	-16.177039787304192
438.7454715388306	10.709956475391675	-16.295092955447426
441.96911071516877	10.707795885192299	-16.413995317180436
445.2164352631252	10.70560346703946	-16.533752697631336
448.487619208637	10.703378753153874	-16.654370955174812
451.78283785627985	10.701121268928064	-16.775855981452565
455.1022677986624	10.698830532828687	-16.8982137013886
458.44608692589065	10.696506056297586	-17.021450073199198
461.81447443509927	10.694147343651492	-17.145571088397237
465.2076108400576	10.691753891980403	-17.270582771791048
468.62567798084166	10.6893251910446	-17.396491181477145
472.06885903357966	10.6868607231703	-17.523302408827117
475.5373385202682	10.684359963143935	-17.65102257846817
479.0313023186611	10.681822378105037	-17.77965784825723
482.55093767223093	10.679247427437705	-17.90921440924852
486.096433200203	10.676634562660684	-18.03969848565417
489.66797890766446	10.673983227315954	-18.17111633479792
493.265766195744	10.671292856855938	-18.303474247061327
496.8899878718749	10.668562878529205	-18.43677854582302
500.5408381601204	10.665792711264697	-18.571035587389492
504.2185127115883	10.662981765554527	-18.706251760918754
507.9232086149127	10.660129443335197	-18.842433488335278
511.6551244068174	10.657235137867374	-18.97958722423681
515.414460082755	10.654298233614096	-19.11771945579247
519.2014171076252	10.651318106117472	-19.256836702631947
523.0161984265716	10.648294121873818	-19.396945516725616
526.8590084758553	10.64522563820724	-19.53805248225501
530.7300531938163	10.642112003141637	-19.68016421547405
534.6295400319026	10.63895255527115	-19.823287364559775
538.5576779657935	10.635746623628975	-19.96742860945323
542.5146775065957	10.632493527554612	-20.112594661689702
546.5007507121261	10.629192576559479	-20.25879226421802
550.5161111982751	10.625843070190907	-20.406028191208822
554.560974150455	10.622444297894525	-20.554309247851435
558.6355563351317	10.618995538874948	-20.70364227013883
562.7400761114412	10.615496061954893	-20.854034124640577
566.8747534428928	10.611945125432563	-21.00549170826343
571.0398099091539	10.608341976937421	-21.158021947999032
575.2354687179285	10.604685853284268	-21.311631800658606
579.4619547169167	10.600975980325638	-21.466328252594188
583.7194944058651	10.597211572802534	-21.62211831940595
588.0083159487048	10.593391834193444	-21.779009045635366
592.3286491857787	10.5895159565617	-21.937007504443876
596.6807256461593	10.585583120401099	-22.096120797276395
601.0647785600561	10.581592494479878	-22.256356053509695
605.4810428713153	10.577543235682928	-22.41772043008489
609.9297552500071	10.573434488852358	-22.580221111123656
614.4111541051166	10.569265386626327	-22.743865307528147
618.9254795973105	10.56503504927619	-22.90866025656344
623.4729736518154	10.560742584541924	-23.074613221422986
628.0538799713788	10.556387087465888	-23.24173149077576
632.6684440493302	10.55196764022486	-23.41002237829524
637.3169131827372	10.547483311960397	-23.57949322216943
641.9995364856582	10.542933158607536	-23.75015138459165
646.7165649024934	10.538316222721766	-23.922004251231538
651.4682512214295	10.53363153330439	-24.095059230685443
656.2548500879943	10.528878105626205	-24.269323753906644
661.0766180186939	10.52405494104952	-24.444805273613408
665.9338134147667	10.5191610268486	-24.621511263675973
670.8266965760283	10.514195336028415	-24.79944921848065
675.7555297148215	10.509156827141855	-24.978626652271203
680.7205769700684	10.504044444105318	-25.159051098466676
685.7221044214258	10.498857116012772	-25.340730108955242
690.7603801035449	10.49359375694822	-25.52367125336328
695.8356740204348	10.48825326579671	-25.707882118299445
700.9482581599334	10.482834526053805	-25.893370306572844
706.0984065082803	10.477336405633604	-26.080143436384642
711.286395064804	10.471757756675313	-26.268209140492985
716.5125018567104	10.466097415348429	-26.45757506534999
721.7770069539829	10.460354201656543	-26.6482488702106
727.0801924843913	10.454526919239788	-26.840238226212417
732.4223426486119	10.44861435517603	-27.03355081542613
737.803743735457	10.442615279780767	-27.228194329875407
743.2246841372182	10.436528446405827	-27.42417647052623
748.6854543651215	10.43035259123691	-27.621504946244343
754.1863470648927	10.424086433090006	-27.820187472720434
759.7276570324485	10.417728673206753	-28.02023177136267
765.3096812296844	10.411277995048774	-28.221645568154976
770.9327188003971	10.404733064091099	-28.42443659248134
776.5970710863122	10.398092527614661	-28.628612575914783
782.3030416432339	10.391355014497996	-28.83418125097044
788.0509362573131	10.384519135008176	-29.041150349822015
793.8410629614339	10.377583480591095	-29.249527602980944
799.6737320517228	10.370546623661095	-29.459320737937333
805.5492561041733	10.363407117390125	-29.670537477761894
811.4679499914058	10.356163495496432	-29.883185539668514
817.4301308995309	10.348814272032907	-30.09727263353591
823.4361183451557	10.341357941175179	-30.31280646038843
829.4862341925038	10.33379297700954	-30.529794710834707
835.5808026706642	10.326117833320826	-30.7482450634633
841.7201503909674	10.318330943380307	-30.96816518319495
847.9046063644884	10.310430719733805	-31.189562719590274
854.1345020196786	10.302415553989999	-31.41244530511218
860.4101712201277	10.294283816609205	-31.63682055334242
866.7319502824557	10.286033856692603	-31.862696057150995
873.1001779943336	10.277664001772182	-32.090079386818076
879.515195632644	10.26917255760142	-32.31897808810756
885.9773469817667	10.260557807946933	-32.54939968029099
892.4869783520037	10.251818014381167	-32.781351654121686
899.0444385981376	10.242951416076348	-33.014841469757854
905.6500791381277	10.233956229599816	-33.24987655463388
912.3042539719414	10.224830648710913	-33.48646430127934
919.0073197005266	10.21557284415961	-33.72461206508452
925.7596355449225	10.206180963487002	-33.96432716201206
932.5615633655054	10.19665313082797	-34.205616866253344
939.4134676813921	10.186987446716067	-34.44848840782994
946.3157156899608	10.177181987890895	-34.69294897013785
953.2686772865404	10.167234807108201	-34.93900568743543
960.272725084228	10.157143932952842	-35.18666564227282
967.3282344338592	10.14690736965488	-35.435935862863296
974.4355834441225	10.136523096909045	-35.68682332039502
981.5951530018232	10.125989069697738	-35.939334926283124
988.8073267922955	10.115303218117905	-36.1934775293611
996.0724913199601	10.104463447211959	-36.44925791301076
1003.3910359290481	10.093467636803013	-36.706682792231035
1010.7633528244504	10.08231364133476	-36.96575881064344
1018.1898370927534	10.07099928971619	-37.22649253743556
1025.6708867233958	10.059522385171435	-37.48889046424006
1033.2069026300087	10.047880705095105	-37.75295900195062
1040.798288671896	10.036072000913318	-38.018704477473065
1048.4454516756775	10.024093997950796	-38.28613313041147
1056.1488014570932	10.011944395304283	-38.55525110968942
1063.9087508429593	9.999620865722692	-38.82606447010544
1071.7257156933038	9.987121055494194	-39.09857916882303
1079.600114923637	9.974442584340702	-39.37280106179384
1087.5323705274182	9.961583045320012	-39.6487359001157
1095.5229075986545	9.948540004736037	-39.92638932632305
1103.572154354694	9.935311002057365	-40.20576687061192
1111.6805421591682	9.921893549844691	-40.48687394699788
1119.8485055451104	9.908285133687336	-40.769715849407724
1128.0764822382441	9.894483212149348	-41.054297747704794
1136.3649131804348	9.880485216725543	-41.340624683648024
1144.7142425533327	9.866288551807843	-41.6287015667856
1153.12491780216	9.851890594662448	-41.91853317028219
1161.597389659708	9.837288695418096	-42.21012412668212
1170.132112170474	9.822480177065982	-42.50347892360667
1178.7295427150084	9.807462335471655	-42.79860189938844
1187.3901420344182	9.792232439399424	-43.09549723864146
1196.1143742550603	9.77678773054964	-43.394168967769026
1204.902706913415	9.761125423609368	-43.6946209504097
1213.7556109811399	9.745242706316866	-43.99685688282243
1222.6735608903125	9.729136739540346	-44.300880289211754
1231.6570345588482	9.712804657371496	-44.60669451699455
1240.7065134161257	9.696243567234218	-44.91430273200973
1249.8224824287693	9.679450550009076	-45.22370791367105
1259.005430126657	9.66242266017391	-45.53491285006684
1268.2558486290839	9.645156925961151	-45.84792013300561
1277.5742336711478	9.627650349532257	-46.16273215301178
1286.9610846303106	9.609899907169808	-46.479351094271486
1296.41690455316	9.591902549487731	-46.7977789295316
1305.9422001823718	9.57365520166017	-47.11801741495392
1315.5374819838569	9.555154763669458	-47.44006808492633
1325.2032641741348	9.536398110573689	-47.76393224683452
1334.9400647478685	9.517382092794438	-48.089610975794976
1344.7484055056475	9.498103536425031	-48.4171051093545
1354.6288120819297	9.4785592435599	-48.746415242156445
1364.5818139732262	9.458745992645524	-49.07754172057915
1374.60794456647	9.438660538853359	-49.41048463734796
1384.7077411676025	9.41829961447533	-49.745243826125304
1394.8817450303688	9.397659929342256	-50.08181885608183
1405.1305013853168	9.376738171265753	-50.42020902645238
1415.4545594690323	9.35553100650393	-50.76041336108136
1425.8544725535517	9.334035080251546	-51.102430602959764
1436.330797976034	9.31224701715474	-51.44625920876063
1446.8840971686088	9.290163421851114	-51.79189734337443
1457.5149356884785	9.267780879535207	-52.13934287445185
1468.22388324822	9.245095956550056	-52.48859336695613
1479.0115137463174	9.222105201005006	-52.839646077731416
1489.878405297917	9.198805143420232	-53.1924979500918
1500.8251402658095	9.175192297398283	-53.54714560843601
1511.8523052916405	9.15126316032293	-53.90358535289348
1522.9604913273415	9.127014214085689	-54.26181315400698
1534.1502936668153	9.102441925840184	-54.62182464745855
1545.422311977816	9.07754274878472	-54.983615128842715
1556.7771503341103	9.052313122973159	-55.34717954849553
1568.2154172478258	9.026749476154444	-55.71251250638313
1579.73772570208	9.000848224640755	-56.07960824705853
1591.3446931838216	8.97460577420461	-56.44846065469131
1603.036941716924	8.948018521004876	-56.81906324817789
1614.8150978955216	8.921082852541886	-57.191409176339
1626.6797929175805	8.893795148641555	-57.565491213210905
1638.6316626187438	8.86615178246861	-57.94130175343852
1650.6713475063807	8.838149121568897	-58.318832807775635
1662.7994927939392	8.80978352894054	-58.69807599870226
1675.016748435497	8.781051364134072	-59.07902255616342
1687.3237691606132	8.751948984381144	-59.46166331343996
1699.7212145094056	8.722472745751768	-59.845988703156436
1712.2097488678978	8.69261900433978	-60.23198875343509
1724.7900415036272	8.662384117476227	-60.61965308420357
1737.4627666015	8.6317644449704	-61.00897090366325
1750.2286032999436	8.600756350377987	-61.39993100492769
1763.0882357272728	8.569356202296106	-61.79252176283651
1776.0423530383825	8.537560375684494	-62.186731130955636
1789.0916494516532	8.505365253212588	-62.582546638768584
1802.2368242861733	8.4727672266316	-62.97995538906943
1815.4785819992076	8.439762698171196	-63.37894405556336
1828.8176322239517	8.406348081959935	-63.77949888068324
1842.2546898075611	8.372519805468789	-64.18160567363006
1855.7904748494607	8.33827431097684	-64.58524980864453
1869.425712739936	8.30360805705842	-64.99041622351761
1883.161134199	8.268517520090704	-65.39708941834691
1896.9974753155711	8.232999195780687	-65.80525345454747
1910.9354775868944	8.197049600710768	-66.2148919541217
1924.975887958308	8.160665273901545	-66.62598809919865
1939.1194588632434	8.123842778390966	-67.03852463184597
1953.366948263571	8.086578702828405	-67.45248385416413
1967.7191196902095	8.048869663082579	-67.86784762866706
1982.1767422840455	8.01071230386192	-68.28459737895652
1996.740590837155	7.972103300346073	-68.70271409069561
2011.411445834314	7.933039359827126	-69.12217831288676
2026.1900934948485	7.893517223359049	-69.54297015946057
2041.0773258147365	7.85353366741397	-69.96506931117813
2056.0739406090856	7.813085505543567	-70.3884550178547
2071.1807415548565	7.772169590044154	-70.81310610090532
2086.3985382339556	7.730782813623672	-71.23900095621944
2101.7281461766106	7.688922111068983	-71.66611755736596
2117.170386905078	7.646584460911765	-72.09443345913262
2132.7260879776695	7.603766887091163	-72.52392580140197
2148.3960830330916	7.5604664606115435	-72.95457131336646
2164.181211835145	7.5166803011933245	-73.38634631808456
2180.0823203176933	7.47240557891533	-73.81922673737765
2196.1002606300353	7.427639515846436	-74.25318809707136
2212.2358911825363	7.382379387664976	-74.68820553257792
2228.4900766926567	7.3366225252636745	-75.12425379482295
2244.8636882312812	7.290366316338415	-75.56130725651295
2261.357603269401	7.243608206958756	-75.99933991874406
2277.9727057251407	7.196345703118318	-76.43832541794937
2294.709886011125	7.148576372263095	-76.87823703318274
2311.570041082201	7.1002978447956515	-77.31904769373588
2328.5540744834934	7.051507815553418	-77.76072998708527
2345.662896398852	7.002204045258913	-78.20325616716573
2362.8974236995946	6.952384361940282	-78.6465981629638
2380.2585799936796	6.902046662319872	-79.0907275874287
2397.7472956751667	6.851188913169325	-79.53561574669214
2415.364507974105	6.799809152629001	-79.98123364959322
2433.1111610067464	6.747905491490135	-80.42755201749962
2450.988205826143	6.695476114437807	-80.87454129441885
2468.9966004731195	6.64251928125298	-81.32217165739101
2487.1373100276005	6.589033327971961	-81.77041302715448
2505.4113066603586	6.535016668001416	-82.2192350790766
2523.819569685075	6.480467793187657	-82.66860725433749
2542.363085610861	6.425385274838185	-83.11849877136024
2561.0428481950908	6.369767764694471	-83.56887863747338
2579.859858496681	6.3136139958540785	-84.01971566079784
2598.8151249297302	6.25692278364105	-84.47097846234466
2617.9096633175577	6.19969302642313	-84.92263548831309
2637.1444969471486	6.141923706374586	-85.37465502257578
2656.5206566239785	6.083613890183521	-85.82700519933901
2676.0391807272817	6.024762729702448	-86.27965401596536
2695.701115265662	5.965369462541425	-86.73256934594383
2715.507513933189	5.905433412602399	-87.18571895199642
2735.4594381658267	5.844953990554429	-87.63907049930397
2755.557957198347	5.783930694248598	-88.09259156884055
2775.8041481216164	5.722363109072256	-88.54624967079921
2796.1990959403197	5.660250908241959	-89.00001225809598
2816.7438936311078	5.597593853034604	-89.45384673993695
2837.439642201169	5.534391792956434	-89.90772049543348
2858.287450747237	5.470644665849672	-90.3616008872509
2879.2884365150135	5.4063524979365845	-90.81545527527484
2900.4437249590724	5.341515403800823	-91.26925103028168
2921.7544498031316	5.276133586306356	-91.72295554759525
2943.2217531008555	5.210207336453662	-92.17653626071859
2964.8467852970157	5.143737033173929	-92.62996065492142
2986.6307052891743	5.076723143061141	-93.08319628077221
3008.5746804897767	5.009166220042717	-93.53621076759741
3030.6798868887163	4.941066904989173	-93.98897183685446
3052.94750911636	4.872425925263365	-94.44144731540389
3075.3787405070166	4.80324409421011	-94.89360514866549
3097.9747831629234	4.733522310586763	-95.3454134136465
3120.7368480186205	4.663261557936024	-95.79684033182488
3143.6661549058963	4.592462903901399	-96.24785428187802
3166.76393261911	4.5211274994869814	-96.69842381223985
3190.0314189810797	4.449256578262084	-97.14851765347721
3213.4698609094016	4.376851455512388	-97.59810473047014
3237.080514483276	4.303913527338639	-98.04715417438601
3260.8646450108254	4.2304442697043365	-98.49563533443467
3284.8235270968853	4.15644523743384	-98.94351778939408
3308.958444711348	4.081918063162255	-99.39077135889629
3333.2706912579224	4.00686445623892	-99.83736611446122
3357.7615696435	3.931286201585684	-100.28327239027222
3382.432392347929	3.8551851585121257	-100.72846079368001
3407.284481494388	3.7785632594888936	-101.17290221542996
3432.319168920221	3.70142250888134	-101.616567839602
3457.5377962483176	3.6237649816449924	-102.05942915325672
3482.941714959008	3.5455928219847777	-102.50145795578015
3508.5322864624923	3.466908241979797	-102.94262636792104
3534.3108821718006	3.387713520175576	-103.38290684051405
3560.278883576272	3.3080110001457146	-103.82227216288376
3586.4376823156267	3.2278030890246696	-104.26069547092538
3612.788680254493	3.147092256014003	-104.69815025485573
3639.3332895575895	3.0658810308634687	-105.13461036663374
3666.072932765351	2.984172002329552	-105.57005002704416
3693.0090428702038	2.9019678166127494	-106.00444383244476
3720.1430633933396	2.819271175776076	-106.4377667611727
3747.4764484620814	2.736084836146423	-106.86999417960968
3775.0106628878125	2.652411606700836	-107.30110184790482
3802.747182244459	2.5682543474396367	-107.73106592535416
3830.6874929476085	2.483615967748091	-108.15986297543824
3858.833092334108	2.398499424748967	-108.58746997051587
3887.1854887423733	2.3129077216471963	-109.01386429617848
3915.746201593159	2.226843906069145	-109.43902375526294
3944.5167614710313	2.140311068397735	-109.86292657152826
3973.4987102063706	2.0533123401055446	-110.28555139299588
4002.693600958005	1.9658508920874707	-110.70687729495819
4032.1029982964483	1.877929932994673	-111.12688378265773
4061.728478287726	1.7895527075715376	-111.54555079364088
4091.5716285778817	1.7007224949969961	-111.96285869979103
4121.634048477999	1.6114426072323174	-112.37878830904336
4151.917349049978	1.5217163873761372	-112.79332086678964
4182.423153192804	1.4315472080290461	-113.20643805697394
4213.1530957295745	1.340938469668373	-113.61812200288855
4244.10882349508	1.249893599035115	-114.02835526767325
4275.291995424071	1.1584160475340584	-114.43712085452498
4306.704282640155	1.0665092896484223	-114.84440220662421
4338.347368545358	0.9741768213702461	-115.25018320678383
4370.222948910341	0.8814221586477065	-115.6544481768282
4402.332731965254	0.7882488358504693	-116.05718187670794
4434.6784384913335	0.694660404253971	-116.45836950335969
4467.261801913047	0.600660430544036	-116.85799668931477
4500.0845683910675	0.5062524953421513	-117.2560495010679
4533.148496915778	0.4114401917530142	-117.65251443721004
4566.45535940159	0.3162271239344749	-118.04737842633551
4600.006940781874	0.22061690569119624	-118.44062882472939
4633.805039104627	0.12461315909243026	-118.83225341384369
4667.851465628829	0.02821951311472539	-119.22224039757003
4702.148044921488	-0.06856039768979179	-119.61057839931621
4736.696614955473	-0.16572293449932174	-119.99725645889555
4771.499027207938	-0.2632644555012948	-120.38226402923502
4806.557146759624	-0.36118131714473284	-120.76559097291245
4841.872852394734	-0.45946987536469225	-121.14722755852807
4877.44803670167	-0.558126486779276	-121.52716445692032
4913.284606174442	-0.6571475098583159	-121.90539273723232
4949.384481314832	-0.7565293060637314	-122.28190386283728
4985.749596735327	-0.8562682409613122	-122.65668968713022
5022.381901262767	-0.9563606853035905	-123.02974244919356
5059.283358042845	-1.056803016084085	-123.40105476934455
5096.455944645228	-1.1575916175620966	-123.77061964457046
5133.901653169624	-1.2587228822589251	-124.13843044386105
5171.622490352465	-1.360193211924574	-124.50448090344258
5209.620477674498	-1.4619990184757095	-124.8687651219233
5247.897651469098	-1.564136724904455	-125.23127755535491
5286.456063031395	-1.666602766158321	-125.592013012218
5325.297778728216	-1.7693935899913513	-125.95096664833798
5364.424880108807	-1.8725056577866144	-126.3081339617371
5403.8394640164015	-1.9759354453502835	-126.66351078743001
5443.54364270056	-2.0796794436773727	-127.01709329216791
5483.5395439304275	-2.1837341596897	-127.36887796913845
5523.829311108678	-2.288096116945743	-127.7188616326254
5564.415103386471	-2.3927618563234803	-128.0670414126362
5605.299095779079	-2.497727936675638	-128.4134147495001
5646.483479282504	-2.6029909354584846	-128.75797938844457
5687.970460990873	-2.708547449333938	-129.10073337415375
5729.76226421472	-2.8143940947456514	-129.44167504531424
5771.861128600138	-2.9205275084693367	-129.78080302915316
5814.269310248776	-3.026944348137712	-130.1181162359726
5856.989081838812	-3.1336412927407684	-130.45361385368633
5900.022732746652	-3.2406150431010983	-130.78729534236035
5943.372569169721	-3.3478623223257085	-131.11916042876481
5987.040914249959	-3.4553798762336863	-131.44920910093796
6031.030108198386	-3.5631644737611117	-131.77744160276845
6075.342508420488	-3.6712129073430644	-132.1038584285979
6119.980489642554	-3.7795219932734296	-132.42846031784825
6164.946444038949	-3.8880885720430207	-132.75124824967625
6210.242781360277	-3.9969095086562567	-133.07222343765895
6255.871929062592	-4.105981692927374	-133.39138732451323
6301.836332437392	-4.21530203975588	-133.7087415768507
6348.138454742764	-4.3248674893826955	-134.02428807997336
6394.780777335299	-4.4346750076265025	-134.33802893270922
6441.765799803133	-4.544721586101652	-134.64996644229333
6489.0960400998765	-4.655004242417492	-134.96010311929427
6536.7740346795545	-4.765520020359961	-135.26844167258903
6584.802338632541	-4.876265990055789	-135.57498500438854
6633.183525822482	-4.9872392481198355	-135.87973620531474
6681.920189024242	-5.09843691778609	-136.1826985495321
6731.014940062816	-5.209856149022648	-136.48387548993347
6780.470409953374	-5.321494118631541	-136.78327065338408
6830.289249042155	-5.433348030333203	-137.08088783602216
6880.474127148613	-5.545415114836956	-137.3767309986202
6931.027733708389	-5.657692629897002	-137.6708042620056
6981.952777917515	-5.770177860355277	-137.96311190254343
7033.251988877568	-5.88286811817094	-138.25365834768127
7084.928115741928	-5.995760742437338	-138.5424481715571
7136.983927863119	-6.108853099386745	-138.82948609067108
7189.422214941179	-6.222142582383255	-139.11477695962174
7242.245787173246	-6.335626611904557	-139.39832576690748
7295.457475404044	-6.449302635512407	-139.68013763079253
7349.060131277709	-6.563168127813048	-139.96021779524014
7403.0566273905015	-6.677220590407094	-140.2385716259102
7457.44985744483	-6.791457551830047	-140.51520460622442
7512.242736404286	-6.905876567483295	-140.79012233349724
7567.438200649873	-7.020475219556275	-141.0633305151333
7623.039208137371	-7.135251116940047	-141.3348349648916
7679.048738555818	-7.250201895132599	-141.6046415992157
7735.46979348728	-7.36532521613659	-141.8727564336309
7792.305396567586	-7.4806187683491485	-142.1391855792065
7849.558593648498	-7.596080266445073	-142.4039352390854
7907.232452960816	-7.711707451252706	-142.66701170507784
7965.3300652788985	-7.827498089623729	-142.92842135432176
8023.854544086254	-7.9434499742965485	-143.18817064600745
8082.809025742405	-8.059560923753924	-143.44626611816693
8142.196669650969	-8.17582878207501	-143.70271438452758
8202.020658428968	-8.292251418782136	-143.95752213142939
8262.284198077401	-8.408826728682618	-144.21069611480542
8322.990518153005	-8.525552631705766	-144.46224315722466
8384.142871941433	-8.642427072735732	-144.71217014499751
8445.74453663146	-8.759448021439729	-144.96048402534188
8507.798813490757	-8.876613472092856	-145.2071918036112
8570.30902804267	-8.993921443398712	-145.45230054058138
8633.278530244535	-9.111369978307023	-145.6958173497984
8696.710694667167	-9.228957143827778	-145.93774939498425
8760.608920675699	-9.346681030842456	-146.17810388750087
8824.97663261178	-9.464539753912526	-146.4168880838718
8889.817279977036	-9.58253145108523	-146.65410928336033
8955.134337618028	-9.70065428369731	-146.88977482560384
9020.93130591234	-9.8189064361761	-147.1238920883027
9087.211710956302	-9.93728611583917	-147.35646848496455
9153.979104753837	-10.055791552691653	-147.58751146270092
9221.237065406895	-10.174420999222363	-147.817028500078
9288.98919730717	-10.293172730198204	-148.04502710501845
9357.239131329272	-10.412045042457386	-148.27151481275493
9425.990525025314	-10.531036254701483	-148.49649918383406
9495.247062820874	-10.650144707286406	-148.71998780216947
9565.012456212553	-10.769368762012835	-148.9419882731447
9635.290443966725	-10.888706801915426	-149.16250822176275
9706.08479232007	-11.008157231052085	-149.38155529084435
9777.399295181245	-11.127718474292143	-149.59913713927102
9849.237774334319	-11.247388977104759	-149.81526144027504
9921.604079643532	-11.367167205346789	-150.02993587977335
9994.502089259626	-11.48705164505067	-150.2431681547458
10067.935709827683	-11.607040802212353	-150.45496597165643
10141.908876696432	-11.72713320257921	-150.6653370449171
10216.425554129244	-11.847327391438412	-150.87428909539267
10291.489735516523	-11.967621933405423	-151.08182984894717
10367.105443589677	-12.088015412212854	-151.2879670350296
10443.276730636753	-12.208506430499995	-151.49270838529924
10520.007678719569	-12.32909360960277	-151.6960616322893
10597.302399892533	-12.449775589344503	-151.89803450810837
10675.165036422964	-12.570551027827197	-152.09863474317874
10753.599761013045	-12.691418601223665	-152.29787006501067
10832.610777023474	-12.812377003570628	-152.49574819701246
10912.202318698772	-12.933424946562727	-152.69227685733526
10992.378651394158	-13.054561159347402	-152.8874637577516
11073.144071804078	-13.175784388320809	-153.08131660256714
11154.502908192548	-13.297093396924984	-153.2738430875654
11236.459520625047	-13.418486965446007	-153.46505089898417
11319.01830120226	-13.539963890813524	-153.6549477125229
11402.183674295393	-13.661522986401309	-153.84354119238108
11485.960096783241	-13.783163081829152	-154.03083899032578
11570.352058291077	-13.904883022766167	-154.21684874478908
11655.3640814313	-14.026681670735478	-154.40157807999367
11741.00072204576	-14.148557902920144	-154.58503460510656
11827.266569449856	-14.270510611970536	-154.76722591341954
11914.166246678556	-14.392538705813315	-154.94815958155706
12001.7044107341	-14.514641107461731	-155.12784316870957
12089.885752835642	-14.63681675482761	-155.30628421589273
12178.714998670604	-14.759064600534671	-155.48349024523105
12268.196908647886	-14.881383611733465	-155.65946875926608
12358.33627815302	-15.003772769917955	-155.83422724028827
12449.137937805213	-15.12623107074373	-156.00777314969207
12540.606753716173	-15.248757523847676	-156.18011392735355
12632.747627750832	-15.371351152669298	-156.35125699102971
12725.565497790118	-15.494010994273808	-156.5212097357803
12819.065337995527	-15.616736099176748	-156.68997953340943
12913.252159075771	-15.739525531170415	-156.85757373192885
13008.131008555252	-15.862378367151763	-157.02399965504043
13103.706971044503	-15.985293696952033	-157.18926460163837
13199.985168512736	-16.108270623168192	-157.35337584533065
13296.970760562383	-16.231308260996034	-157.51634063397887
13394.668944705543	-16.35440573806488	-157.67816618925636
13493.084956642471	-16.477562194273936	-157.83885970622347
13592.224070542217	-16.600776781630532	-157.99842835292083
13692.09159932535	-16.724048664090066	-158.1568792699787
13792.692894948485	-16.847377017397314	-158.314219570243
13894.03334869133	-16.97076102892996	-158.47045633841742
13996.118391445401	-17.094199897543305	-158.62559663072045
14098.953494005158	-17.217692833417043	-158.7796474745583
14202.544167361239	-17.341239057903643	-158.93261586821203
14306.895962995746	-17.464837803378344	-159.08450878053935
14412.01447317969	-17.588488313090785	-159.23533315068988
14517.905331272745	-17.71218984101848	-159.3850958878347
14624.574212025194	-17.835941651721967	-159.53380387090883
14732.026831881998	-17.95974302020149	-159.68146394836648
14840.26894928907	-18.08359323175531	-159.82808293794898
14949.306365001965	-18.207491581839864	-159.97366762646504
15059.144922396694	-18.331437375931422	-160.11822476958278
15169.790507782956	-18.4554299293895	-160.2617610916333
15281.249050719533	-18.579468567321772	-160.40428328542575
15393.526524331992	-18.703552624450552	-160.54579801207285
15506.628945632854	-18.82768144498107	-160.68631190082777
15620.562375844112	-18.95185438247134	-160.82583154893067
15735.332920721989	-19.076070799703412	-160.96436352146597
15850.946730884085	-19.200330068556294	-161.1019143512287
15967.410002139097	-19.32463156988054	-161.2384905386011
16084.728975818776	-19.448974693374243	-161.3740985514379
16202.909939112513	-19.57335883746074	-161.508744824961
16321.959225404205	-19.69778340916769	-161.64243576166282
16441.883214611596	-19.822247824007626	-161.77517773121764
16562.68833352825	-19.94675150586018	-161.906977070402
16684.38105616803	-20.071293886855813	-162.03784008302264
16806.967904111974	-20.19587440726084	-162.16777303985228
16930.455446857737	-20.32049251536394	-162.29678217857295
17054.85030217174	-20.445147667364346	-162.42487370372677
17180.159136443755	-20.56983932726119	-162.55205378667364
17306.38866504427	-20.694566966744524	-162.67832856555628
17433.54565268429	-20.81933006508761	-162.8037041452715
17561.636913777813	-20.94412810904049	-162.9281865974481
17690.66931280706	-21.0689605927252	-163.05178196043133
17820.64976469043	-21.193827017532296	-163.17449623927325
17951.58523515302	-21.318726892018592	-163.29633540572908
18083.48274109981	-21.443659731806285	-163.41730539825932
18216.34935099186	-21.568625059483537	-163.53741212203744
18350.192185224998	-21.693622404506225	-163.65666144896306
18485.018416511542	-21.818651303101166	-163.77505921768028
18620.835270264604	-21.94371129817043	-163.8926112336012
18757.650024985236	-22.068801939196995	-164.00932326893414
18895.470012652557	-22.193922782151688	-164.12520106271685
19034.30261911676	-22.3190733894015	-164.24025032085436
19174.155284494842	-22.444253329618892	-164.35447671616112
19315.03550356926	-22.5694621776924	-164.4678858884075
19456.95082618967	-22.694699514638536	-164.5804834443706
19599.908857677477	-22.81996492751478	-164.692274957889
19743.91725923352	-22.94525800933389	-164.80326596992143
19888.983748348543	-23.07057835897922	-164.91346198860938
20035.116099216724	-23.195925581121138	-165.02286848934304
20182.322143152367	-23.321299286134796	-165.13149091483095
20330.60976900967	-23.446699090018978	-165.2393346751734
20479.986923605396	-23.572124614315896	-165.34640514793855
20630.461612144707	-23.69757548603217	-165.4527076782419
20782.041898650194	-23.823051337560912	-165.55824757882914
20934.735906394202	-23.948551806605032	-165.66303013016173
21088.551818333854	-24.074076536101177	-165.76706058050522
21243.4978775499	-24.199625174145236	-165.87034414602059
21399.582387688202	-24.32519737391843	-165.972886010858
21556.81371340483	-24.45079279361469	-166.07469132725325
21715.200280814443	-24.57641109636902	-166.17576521562683
21874.75057794173	-24.702051950186757	-166.2761127646849
22035.473155176238	-24.827715027873772	-166.37573903152307
22197.376625730638	-24.953400006967787	-166.4746490417319
22360.469666102443	-25.079106569670664	-166.572847789505
22524.761016538865	-25.20483440278148	-166.67034023774875
22690.259481505138	-25.330583197630556	-166.767131318194
22856.97393015648	-25.45635265001455	-166.86322593151
23024.913296813305	-25.582142460132324	-166.95862894741967
23194.086581440173	-25.707952332521845	-167.05334520481688
23364.50285012798	-25.833781975997816	-167.14737951188525
23536.171235579754	-25.959631103590176	-167.24073664621844
23709.10093760015	-26.085499432483626	-167.33342135494226
23883.301223588584	-26.211386683957958	-167.42543835483775
24058.781429035767	-26.337292583329102	-167.51679233246622
24235.55095802393	-26.46321685989106	-167.60748794429486
24413.619283730906	-26.589159246858735	-167.69752981682427
24592.995948937725	-26.715119481311458	-167.78692254671688
24773.690566540165	-26.841097304137477	-167.87567070092643
24955.712820063804	-26.967092459979018	-167.9637788168288
25139.072464182875	-27.093104697178212	-168.05125140235344
25323.779325243115	-27.219133767723815	-168.13809293611615
25509.843301788478	-27.34517942719874	-168.22430786755265
25697.274365091493	-27.471241434728213	-168.30990061705293
25886.082559687526	-27.597319552928635	-168.3948755760964
26076.27800391323	-27.72341354785732	-168.47923710738806
26267.870890448696	-27.849523188962834	-168.56298954499496
26460.871486863827	-27.975648249036183	-168.6461371944839
26655.29013616849	-28.10178850416247	-168.72868433305914
26851.137257366685	-28.227943733673364	-168.8106352097011
27048.423346015028	-28.354113720100234	-168.89199404530547
27247.158974785307	-28.480298249128076	-168.97276503282302
27447.354794030976	-28.606497109549906	-169.0529523373995
27649.021532357812	-28.732710093221776	-169.13256009651624
27852.169997199006	-28.858936995018645	-169.21159242013118
28056.811075394253	-28.98517761279073	-169.29005339082005
28262.955733773346	-29.11143174732055	-169.36794706391802
28470.615019743786	-29.237699202280567	-169.44527746766164
28679.800061882685	-29.363979784191265	-169.5220486033309
28890.522070533287	-29.490273302380103	-169.59826444539164
29102.79233840585	-29.61657956894097	-169.67392894163825
29316.6222411827	-29.74289839869414	-169.74904601333623
29532.023238127767	-29.86922960914674	-169.82361955536504
29749.006872700837	-29.995573020454003	-169.8976534363614
29967.58477317608	-30.121928455380917	-169.97115149886176
30187.76865326539	-30.248295739264528	-170.04411755944602
30409.570312745996	-30.37467469997667	-170.11655540888026
30633.001638092715	-30.50106516788723	-170.18846881225997
30858.074603115063	-30.627466975828032	-170.2598615091532
31084.801269599073	-30.7538799590573	-170.33073721374365
31313.19378795356	-30.880303955224434	-170.40109961497353
31543.26439786115	-31.006738804335335	-170.4709523766866
31775.02542893432	-31.13318434871836	-170.54029913777086
32008.48930137637	-31.25964043299076	-170.60914351230127
32243.668526646554	-31.386106904025347	-170.67748908968224
32480.575708131106	-31.512583610918036	-170.74533943478997
32719.2235418182	-31.63907040495544	-170.81269808811456
32959.62481697853	-31.76556713958322	-170.879568565902
33201.79241685085	-31.89207367037489	-170.94595436029581
33445.73931933221	-32.01858985500089	-171.0118589394786
33691.478597673384	-32.14511555319817	-171.07728574781314
33939.02342117953	-32.271650626740254	-171.14223820598343
34188.38705591623	-32.398194939407894	-171.20671971113535
34439.58286541986	-32.52474835695968	-171.27073363701678
34692.62431141437	-32.651310747103665	-171.3342833341179
34947.52495453218	-32.77788197946889	-171.39737212981075
35204.29845504112	-32.904461925577586	-171.46000332848843
35462.95857357664	-33.03105045881784	-171.52218021170435
35723.5191718791	-33.15764745441645	-171.58390603831072
35985.99421353651	-33.284252789412186	-171.64518404459662
36250.397764732945	-33.410866342629625	-171.70601744442607
36516.74399500253	-33.537487994653254	-171.76640942937536
36785.04717798866	-33.66411762780195	-171.82636316887005
37055.32169220876	-33.7907551261037	-171.88588181032148
37327.582021825096	-33.91740037527092	-171.94496847926308
37601.84275742078	-34.04405326267601	-172.0036262794859
37878.11859678197	-34.17071367732728	-172.06185829317394
38156.424345685366	-34.297381509845245	-172.11966758103893
38436.77491869149	-34.42405665243909	-172.17705718245463
38719.18533994413	-34.55073899888376	-172.23403011559057
39003.67074397565	-34.677428444497224	-172.2905893775455
39290.24637651791	-34.8041248861181	-172.3467379444802
39578.92759531912	-34.93082822208349	-172.40247877174974
39869.72987096711	-35.05753835220731	-172.45781479403544
40162.66878771824	-35.184255177758814	-172.512748925476
40457.760044332856	-35.310978601441604	-172.56728405979837
40755.01945491637	-35.43770852737269	-172.6214230704482
41054.46294976663	-35.56444486106195	-172.67516881071919
41356.106576227765	-35.69118750939195	-172.72852411388246
41659.96649955036	-35.817936380598105	-172.78149179331533
41966.0590037576	-35.94469138424899	-172.83407464262913
42274.400492517736	-36.07145243122689	-172.8862754357969
42585.00749002346	-36.19821943370884	-172.93809692728027
42897.89664187725	-36.324992305147774	-172.9895418521559
43213.084715983685	-36.45177096025407	-173.0406129262414
43530.58860344787	-36.5785553149773	-173.09131284622052
43850.42531948046	-36.70534528648807	-173.14164428976767
44172.61200430973	-36.83214079316044	-173.1916099156724
44497.165924100234	-36.9589417545545	-173.24121236396257
44824.10447187798	-37.08574809139905	-173.29045425602754
45153.445168462364	-37.212559725574586	-173.33933819474038
45485.205663405344	-37.339376580096705	-173.3878667645797
45819.40373593714	-37.46619857909949	-173.4360425317508
46156.05729591931	-37.59302564781944	-173.48386804430615
46495.18438480435	-37.71985771257934	-173.53134583226566
46836.803176602356	-37.84669470077246	-173.5784784077357
47180.931978855195	-37.97353654084702	-173.62526826502813
47527.58923361777	-38.10038316229101	-173.67171788077826
47876.79351844618	-38.227234495616976	-173.71782971406273
48228.56354739309	-38.35409047234707	-173.76360620651602
48582.91817201082	-38.48095102499847	-173.80904978244732
48939.87638236191	-38.60781608706905	-173.85416284895587
49299.45730803614	-38.734685593022824	-173.89894779604631
49661.68021917644	-38.861559478276305	-173.9434069967431
50026.564527510935	-38.9884376791843	-173.9875428072046
50394.129787393504	-39.115320133026486	-174.0313575668361
50764.39569685193	-39.242206777994	-174.07485359840277
51137.3820986433	-39.36909755317613	-174.11803320814172
51513.10898131722	-39.495992398547216	-174.1608986858733
51891.59648028718	-39.62289125495384	-174.203452305112
52272.864878909975	-39.74979406410229	-174.24569632317696
52656.93460957191	-39.8767007685458	-174.2876329813012
53043.8262547847	-40.003611311672564	-174.32926450474096
53433.560548287685	-40.13052563769329	-174.37059310288393
53826.15837615935	-40.25744369162943	-174.41162096935713
54221.64077793678	-40.384365419301474	-174.4523502821341
54620.02894774299	-40.511290767317185	-174.49278320364138
55021.34423542251	-40.638219683060186	-174.53292188086465
55425.608147685765	-40.76515211467871	-174.57276844545387
55832.84234926181	-40.89208801107459	-174.61232501382824
56243.0686640592	-41.0190273218922	-174.65159368728024
56656.309076335274	-41.145969997507656	-174.69057655207914
57072.585731874635	-41.27291598901821	-174.72927567957396
57491.92093917576	-41.3998652482318	-174.76769312629582
57914.337170646846	-41.52681772765674	-174.80583093405966
58339.85706380991	-41.653773380491536	-174.84369113006537
58768.5034225137	-41.78073216061475	-174.88127572699815
59200.29921815597	-41.907694022575214	-174.91858672312875
59635.267590914824	-42.03465892158235	-174.9556261024125
60073.431850988556	-42.16162681349651	-174.9923958345882
60514.815479844576	-42.288597654819434	-175.02889787527613
60959.44213147821	-42.415571402685046	-175.06513416607572
61407.33563368006	-42.5425480148502	-175.1011066346624
61858.519989313296	-42.66952744968572	-175.136817194884
62313.01937759981	-42.79650966616745	-175.17226774685653
62770.85815541566	-42.92349462386732	-175.20746017705932
63232.06085859668	-43.05048228294484	-175.24239635842963
63696.652203253565	-43.17747260413854	-175.27707815045665
64164.657087096224	-43.304465548757605	-175.31150739927506
64636.10059076778	-43.43146107867337	-175.34568593775757
65111.00797918905	-43.5584591563114	-175.3796155856076
65589.40470291222	-43.68545974464324	-175.41329814945067
66071.31639948518	-43.81246280717867	-175.44673542292568
66556.76889482516	-43.93946830795778	-175.47992918677545
67045.78820460255	-44.06647621154323	-175.5128812089366
67538.40053563529	-44.19348648301267	-175.54559324462912
68034.63228729359	-44.320499087951355	-175.57806703644513
68534.51005291447	-44.447513992444705	-175.6103043144372
69038.0606212266	-44.574531163070965	-175.64230679620613
69545.3109777863	-44.70155056689414	-175.67407618698803
70056.2883064235	-44.828572171456884	-175.705614179741
70571.01999069893	-44.955595944773606	-175.7369224552312
71089.53361537131	-45.0826218553236	-175.7680026821183
71611.85696787541	-45.20964987204419	-175.79885651704055
72138.01803981142	-45.33667996432414	-175.82948560469907
72668.04502844533	-45.46371210199719	-175.85989157794188
73201.96633821982	-45.59074625533547	-175.8900760578471
73739.81058227607	-45.71778239504311	-175.9200406538058
74281.60658398754	-45.84482049225002	-175.94978696360425
74827.383378505	-45.97186051850579	-175.9793165735056
75377.17021431155	-46.09890244577336	-176.00863105833116
75930.99655479127	-46.225946246423305	-176.03773198154101
76488.89207980708	-46.35299189322759	-176.06662089531406
77050.88668729173	-46.48003935935399	-176.0952993406278
77617.01049485046	-46.607088618360265	-176.12376884733732
78187.29384137462	-46.73413964418848	-176.15203093425384
78761.76728866728	-46.861192411159365	-176.1800871092228
79340.46162308133	-46.98824689396687	-176.20793886920134
79923.40785716986	-47.115303067672805	-176.23558770033546
80510.63723134698	-47.24236090770134	-176.2630350780364
81102.18121556332	-47.36942038983393	-176.29028246705673
81698.0715109914	-47.496481490203905	-176.3173313215657
82298.34005172495	-47.62354418529148	-176.34418308522447
82903.01900649071	-47.75060845191878	-176.37083919126044
83512.14078037189	-47.87767426724479	-176.3973010625414
84125.7380165446	-48.0047416087604	-176.42357011164881
84743.8435980274	-48.13181045428361	-176.44964774095104
85366.490649444	-48.25888078195491	-176.47553534267587
85993.71253879799	-48.38595257023249	-176.50123429898244
86625.54287926074	-48.51302579788755	-176.52674598203285
87262.01553097328	-48.64010044399987	-176.55207175406326
87903.16460286049	-48.76717648795324	-176.57721296745447
88549.02445445959	-48.89425390943117	-176.60217096480213
89199.6296977611	-49.02133268841241	-176.62694707898626
89855.01519906343	-49.14841280516668	-176.65154263324055
90515.21608084162	-49.275494240250424	-176.67595894122093
91180.26772363004	-49.40257697450275	-176.700197307074
91850.20576791803	-49.529660989041275	-176.72425902550475
92525.06611605959	-49.65674626525795	-176.74814538184378
93204.88493419786	-49.783832784815225	-176.7718576521143
93889.69865420304	-49.91092052964205	-176.79539710309854
94579.54397562523	-50.03800948193005	-176.81876499240357
95274.45786766088	-50.16509962412972	-176.8419625685271
95974.47757113361	-50.292190938946526	-176.86499107092214
96679.64060049031	-50.4192834093373	-176.88785173006204
97389.98474581195	-50.54637701850663	-176.91054576750435
98105.54807483844	-50.67347174990326	-176.93307439595475
98826.36893500823	-50.80056758721638	-176.95543881933023
99552.48595551403	-50.92766451437227	-176.9776402328221
100283.93804937252	-51.05476251553082	-176.99967982295826
101020.76441551035	-51.18186157508221	-177.02155876766534
101763.00454086442	-51.308961677643474	-177.04327823633025
102510.69820249763	-51.436062808055176	-177.06483938986128
103263.8854697309	-51.56316495137819	-177.0862433807489
104022.60670629097	-51.69026809289059	-177.10749135312605
104786.90257247312	-51.81737221808444	-177.12858444282807
105556.81402731969	-51.94447731266258	-177.14952377745217
106332.38233081577	-52.07158336253566	-177.17031047641643
107113.64904609992	-52.19869035381912	-177.1909456510186
107900.65604169221	-52.32579827283023	-177.21143040449437
108693.44549373754	-52.45290710608514	-177.23176583207498
109492.05988826544	-52.58001684029591	-177.251953021045
110296.54202346735	-52.70712746236774	-177.2719930507992
111106.93501199069	-52.83423895939619	-177.29188699289926
111923.28228324876	-52.96135131866439	-177.31163591112994
112745.62758574782	-53.088464527640255	-177.33124086155516
113574.0149894319	-53.21557857397381	-177.35070289257334
114408.48888804535	-53.342693445494696	-177.37002304497247
115249.09400151022	-53.46980913020929	-177.3892023519849
116095.87537832478	-53.596925616298456	-177.40824183934174
116948.87839797595	-53.7240428921147	-177.4271425253266
117808.14877337196	-53.85116094617983	-177.44590542082938
118673.73255329265	-53.97827976718255	-177.46453152939938
119545.6761248567	-54.105399343975975	-177.48302184729812
120424.02621600716	-54.23251966557514	-177.50137736355185
121308.82989801596	-54.35964072115475	-177.51959906000357
122200.13458800735	-54.48676250004695	-177.5376879113648
123097.98805149723	-54.6138849917388	-177.55564488526701
124002.43840495496	-54.74100818587029	-177.57347094231247
124913.53411838012	-54.868132072231894	-177.59116703612509
125831.32401790087	-54.99525664076245	-177.60873411340046
126755.85728839105	-55.12238188154712	-177.6261731139561
127687.18347610552	-55.24950778481515	-177.64348497078075
128625.35249133485	-55.37663434093776	-177.66067061008383
129570.41461108056	-55.50376154042607	-177.67773095134413
130522.42048175001	-55.63088937392922	-177.69466690735857
131481.42112187005	-55.758017832232255	-177.71147938429021
132447.46792482067	-55.88514690625406	-177.72816928171628
133420.61266158978	-56.01227658704556	-177.74473749267554
134400.90748354743	-56.13940686578773	-177.76118490371562
135388.40492524116	-56.26653773378975	-177.77751239493978
136383.157907211	-56.393669182487145	-177.79372084005345
137385.2197388248	-56.520801203439845	-177.80981110641048
138394.64412113582	-56.64793378833045	-177.82578405505893
139411.48514976105	-56.77506692896251	-177.84164054078673
140435.79731777974	-56.902200617258714	-177.85738141216677
141467.6355186531	-57.02933484525908	-177.87300751160188
142507.05504916684	-57.15646960511933	-177.88851967536942
143554.1116123942	-57.2836048891092	-177.90391873366545
144608.86132068175	-57.41074068961082	-177.91920551064888
145671.3606986561	-57.53787699911705	-177.93438082448492
146741.6666862523	-57.6650138102298	-177.94944548738852
147819.8366417661	-57.7921511156585	-177.96440030566734
148905.92834492816	-57.91928890821859	-177.97924607976444
150000.00000000003	-58.04642718082999	-177.9939836043009
