100.0	10.843017949937504	-4.5273906027004065
100.73474015926176	10.842819137338777	-4.560620724435447
101.47487874953984	10.842617397048107	-4.594094237544477
102.2204554352749	10.842412686020658	-4.627812913399693
102.97151017233814	10.842204960580757	-4.661778536013833
103.72808321017273	10.84199417641268	-4.695992902124805
104.49021509395033	10.841780288551345	-4.730457821280697
105.25794666674457	10.841563251372861	-4.765175115925271
106.03131907171947	10.841343018584947	-4.8001466214839645
106.81037375433438	10.84111954321719	-4.835374186450146
107.59515246456506	10.840892777611202	-4.870859672472012
108.38569725914114	10.840662673410597	-4.906604954439728
109.18205050379993	10.840429181550846	-4.942611920573192
109.9842548755568	10.840192252248993	-4.978882472510069
110.79235336499234	10.839951834993197	-5.015418525394388
111.60638927855625	10.839707878532149	-5.052222007965423
112.42640624088781	10.839460330864334	-5.0892948626471535
113.2524481971544	10.839209139227124	-5.126639045638056
114.084559415406	10.838954250085733	-5.164256527001359
114.92278448894784	10.838695609122002	-5.202149290755697
115.76716833872999	10.838433161223035	-5.240319334966236
116.61775621575481	10.838166850469662	-5.2787686718360805
117.47459370350194	10.837896620124734	-5.317499327798298
118.33772672037117	10.837622412621286	-5.356513343608216
119.20720152214317	10.837344169550462	-5.395812774436127
120.08306470445858	10.83706183164936	-5.435399689960537
120.96536320531453	10.836775338788602	-5.475276174461572
121.85414430758082	10.836484629959834	-5.5154443269151
122.7494556415334	10.836189643262944	-5.555906261086949
123.65134518740695	10.835890315893174	-5.596664105627763
124.55986127796622	10.835586584128034	-5.637720004168095
125.47505260109618	10.835278383313987	-5.679076115413913
126.39696820241126	10.834965647852997	-5.72073461324259
127.32565748788369	10.834648311188875	-5.762697686799124
128.2611702264914	10.8343263057934	-5.804967540592859
129.20355655288452	10.833999563152288	-5.847546394594475
130.15286697007303	10.833668013750925	-5.890436484333444
131.1091523521327	10.83333158705992	-5.933640060995784
132.07246394693152	10.832990211520455	-5.977159391522175
133.04285337887615	10.83264381452941	-6.020996758706454
134.02037265167849	10.832292322424294	-6.065154461294416
135.00507415114262	10.831935660467963	-6.109634814082993
135.9970106479722	10.831573752833105	-6.154440148019724
136.99623530059836	10.83120652258653	-6.199572810302641
138.00280165802872	10.830833891673228	-6.245035164480398
139.0167636627166	10.830455780900197	-6.290829590552676
140.0381756534526	10.83007210992006	-6.336958485071013
141.06709236827606	10.829682797214424	-6.383424261239902
142.1035689474087	10.829287760077037	-6.430229349018132
143.14766093620952	10.828886914596696	-6.477376195220414
144.1994242881517	10.8284801756399	-6.524867263619412
145.25891536782103	10.828067456833288	-6.5727050350478295
146.32619095393648	10.827648670545816	-6.6208920075009985
147.4013082423931	10.82722372787067	-6.669430696239522
148.48432484932732	10.826792538606966	-6.718323633892352
149.57529881420402	10.826355011241155	-6.7675733705598615
150.67428860292776	10.825911052928197	-6.817182473917409
151.78135311097546	10.825460569472433	-6.867153529318966
152.89655166655268	10.825003465308258	-6.917489139900911
154.01994403377327	10.82453964348046	-6.968191926686197
155.15159041586188	10.824069005624304	-7.019264528688521
156.29155145838055	10.823591451945376	-7.070709603016797
157.43988825247854	10.823106881199083	-7.122529824979762
158.5966623381665	10.822615190669932	-7.174727888190652
159.7619357076138	10.82211627615048	-7.227306504672133
160.93577080847157	10.821610031920008	-7.280268404961341
162.1182305472189	10.821096350722899	-7.333616338214962
163.3093782925339	10.820575123746716	-7.3873530723144745
164.50927787868986	10.820046240599995	-7.441481393971484
165.71799360897612	10.819509589289682	-7.496004108833122
166.9355902591441	10.818965056198335	-7.550924041587505
168.1621330808787	10.818412526060936	-7.606244036069232
169.39768780529513	10.817851881941456	-7.661966955364902
170.64232064646166	10.817283005209024	-7.718095681918731
171.89609830494746	10.816705775513826	-7.774633117637999
173.15908797139798	10.816120070762674	-7.831582183998687
174.43135733013526	10.815525767094194	-7.888945822150905
175.71297456278515	10.814922738853724	-7.9467269930243996
177.00400835193133	10.814310858567847	-8.004928677433899
178.30452788479602	10.813689996918567	-8.063553876184374
179.6146028569477	10.813060022717178	-8.122605610176304
180.93430347603623	10.812420802877718	-8.182086920510715
182.26370046555522	10.811772202390104	-8.242000868594024
183.6028650686324	10.811114084292896	-8.302350536242884
184.95186905184684	10.810446309645691	-8.363139025788678
186.310784709076	10.809768737501129	-8.424369460181966
187.6796848653693	10.809081224876536	-8.486044983096482
189.05864288085107	10.808383626725199	-8.54816875903312
190.447732654652	10.80767579590722	-8.610743973423471
191.84702862886917	10.806957583160006	-8.67377383273313
193.2566057925559	10.806228837068353	-8.737261564564683
194.67653968574	10.805489404034132	-8.801210417760343
196.1069064034725	10.804739128245561	-8.865623662504143
197.54778259990468	10.803977851646087	-8.930504590423801
198.9992454923973	10.80320541390283	-8.995856514692237
200.46137286565786	10.802421652374615	-9.061682770128366
201.9342430759093	10.8016264020796	-9.127986713297718
203.4179350550893	10.800819495662438	-9.194771722612346
204.91252831508004	10.800000763361021	-9.262041198430234
206.41810295196956	10.799170032972814	-9.329798563154165
207.93473965034397	10.798327129820676	-9.398047261329951
209.46251968761166	10.797471876718305	-9.466790759744079
211.0015249383579	10.796604093935194	-9.536032547520602
212.55183787873497	10.795723599161102	-9.605776136217402
214.11354159087898	10.79483020747011	-9.676025059921635
215.68671976736482	10.793923731284194	-9.74678287534452
217.27145671569002	10.793003980336277	-9.818053161915199
218.86783736279324	10.792070761632878	-9.889839521873848
220.4759472596054	10.791123879416201	-9.96214558036382
222.0958725856345	10.790163135125779	-10.034974985522938
223.727700153584	10.789188327359614	-10.108331408573767
225.37151741400513	10.788199251834797	-10.182218543912903
227.02741245998368	10.787195701347656	-10.25664010919927
228.69547403186002	10.786177465733338	-10.331599845441229
230.37579152198614	10.785144331824931	-10.407101517082692
232.06845497951534	10.784096083412027	-10.483148912087877
233.77355511522816	10.78303250119876	-10.559745842025041
235.49118330639365	10.781953362761332	-10.63689614214882
237.22143160166647	10.780858442504968	-10.714603671481296
238.96439272601958	10.779747511620354	-10.792872312891664
240.72016008571364	10.778620338039499	-10.871705973174599
242.48882777330286	10.777476686391061	-10.951108583127047
244.2704905726764	10.776316317955118	-11.031084097623442
246.06524396413957	10.775138990617336	-11.111636495689647
247.87318412952953	10.773944458822601	-11.192769780574928
249.69440795737006	10.772732473528059	-11.274487979822474
251.52901304806375	10.771502782155562	-11.356795145338065
253.37709771912265	10.770255128543553	-11.439695353457036
255.23876101043695	10.76898925289833	-11.523192705009349
257.1141026895828	10.767704891744714	-11.607291325382764
259.00322325716894	10.766401777876133	-11.691995364584011
260.9062239522215	10.76507964030406	-11.777308997297947
262.8232067576122	10.763738204206865	-11.86323642294468
264.75427440551994	10.762377190878034	-11.949781865734401
266.6995303829394	10.760996317673747	-12.036949574720104
268.65907893722533	10.759595297959866	-12.124743823847888
270.63302508167993	10.758173841058207	-12.213168912005052
272.62147460117995	10.756731652192268	-12.30222916306559
274.62453405784646	10.75526843243222	-12.391928925933232
276.64231079675494	10.753783878639299	-12.482272574581943
278.67491295168844	10.752277683409503	-12.573264508093718
280.7224494509326	10.750749535016668	-12.664909150693628
282.78503002311186	10.749199117354824	-12.757210951782007
284.8627652030721	10.747626109879903	-12.850174385963934
286.95576633780263	10.74603018755077	-12.94380395307545
289.0641455924038	10.744411020769558	-13.038104178206968
291.18801595609807	10.742768275321325	-13.133079611723286
293.32749124828507	10.741101612312994	-13.22873482928067
295.4826861246413	10.739410688111619	-13.325074431840287
297.6537160832644	10.73769515428193	-13.422103045678458
299.84069747086346	10.735954657523177	-13.519825322393325
302.04374748899244	10.734188839605254	-13.618245938907826
304.2629842003333	10.732397337304116	-13.71736959746919
306.49852653502137	10.730579782336449	-13.817201025644405
308.75049429701977	10.728735801293649	-13.91774497631195
311.01900817053917	10.726865015575033	-14.019006227649424
313.30418972650574	10.724967041320348	-14.120989583117169
315.60616142907605	10.723041489341512	-14.223699871437653
317.9250466422	10.72108796505363	-14.327141946570539
320.26096963623223	10.719106068405267	-14.43132068768329
322.61405559459047	10.717095393807941	-14.536240999117283
324.9844306204673	10.715055530064904	-14.641907810349439
327.3722217435841	10.712986060299134	-14.74832607594871
329.7775569270016	10.710886561880582	-14.855500775528085
332.20056507397663	10.708756606352647	-14.963436913691382
334.64137603486967	10.706595759357896	-15.072139519974975
337.100120614104	10.704403580563007	-15.181613648784309
339.5769305771757	10.702179623582941	-15.291864379325013
342.071938657715	10.699923435904342	-15.402896815528523
344.5852785645981	10.697634558808172	-15.51471608597209
347.1170849891166	10.695312527291541	-15.627327343793157
349.6674936121904	10.692956869988794	-15.740735766597505
352.2366411116433	10.690567109091795	-15.854946556361774
354.82466516952525	10.688142760269434	-15.969964939329552
357.4317044794918	10.685683332586349	-16.08579616590135
360.0578987542365	10.683188328420865	-16.202445510517858
362.70338873297794	10.680657243382182	-16.31991827153693
365.3683161890024	10.678089566226706	-16.43821977110357
368.0528239372615	10.675484778773685	-16.55735535501319
370.757055842026	10.672842355819977	-16.677330392567672
373.4811568245939	10.67016176505412	-16.79815027642435
376.2252728710596	10.66744246696955	-16.91982042243762
378.9895510401354	10.664683914777079	-17.042346269492892
381.77413947103315	10.661885554316584	-17.16573327933312
384.57918739140285	10.659046823967913	-17.28998693637719
387.40484512533004	10.656167154561045	-17.415112747530436
390.25126410139166	10.653245969285434	-17.541116241987066
393.1185968607713	10.650282683598641	-17.668002971024034
396.0069970654341	10.64727670513415	-17.7957785077865
398.91661950636	10.644227433608467	-17.924448447064496
401.84762011184307	10.641134260727423	-18.05401840506089
404.80015595584246	10.637996570091781	-18.18449401914996
407.7743852664043	10.634813737102034	-18.315880947627026
410.77046743413933	10.631585128862525	-18.448184869448397
413.7885630207652	10.6283101040848	-18.581411483961894
416.82883376771093	10.624988012990219	-18.715566510627365
419.8914426047848	10.62161819721192	-18.85065568872722
422.97655365890614	10.61819998969597	-18.986684777066863
426.08433226289907	10.61473271460192	-19.12365955366446
429.21494496435736	10.61121568720258	-19.261585815430482
432.36855953456376	10.607648213783175	-19.400469377835883
435.5453449774858	10.604029591539781	-19.540316074569812
438.7454715388306	10.600359108477125	-19.681131757185604
441.96911071516877	10.596636043305745	-19.82292229473565
445.2164352631252	10.592859665338459	-19.965693573394407
448.487619208637	10.589029234386283	-20.109451496069568
451.78283785627985	10.585144000653663	-20.25420198200122
455.1022677986624	10.581203204633178	-20.39995096634854
458.44608692589065	10.577206076999602	-20.546704399764053
461.81447443509927	10.573151838503417	-20.694468247954962
465.2076108400576	10.5690396998638	-20.843248491231723
468.62567798084166	10.56486886166105	-20.9930511240432
472.06885903357966	10.560638514228486	-21.143882154498428
475.5373385202682	10.556347837543893	-21.295747603874585
479.0313023186611	10.551996001120447	-21.44865350611121
482.55093767223093	10.547582163897202	-21.602605907290112
486.096433200203	10.543105474129138	-21.75761086510093
489.66797890766446	10.53856506927681	-21.913674448292085
493.265766195744	10.533960075895576	-22.070802736106646
496.8899878718749	10.529289609524483	-22.229001817703487
500.5408381601204	10.524552774574818	-22.388277791562437
504.2185127115883	10.519748664218307	-22.548636764874463
507.9232086149127	10.51487636027508	-22.71008485291554
511.6551244068174	10.50993493310134	-22.872628178404543
515.414460082755	10.504923441476796	-23.03627287084478
519.2014171076252	10.499840932491939	-23.201025065848913
523.0161984265716	10.494686441435107	-23.36689090444694
526.8590084758553	10.489458991679431	-23.533876532377032
530.7300531938163	10.484157594569687	-23.701988099359248
534.6295400319026	10.478781249309089	-23.871231758351094
538.5576779657935	10.473328942845988	-24.04161366478579
542.5146775065957	10.467799649760693	-24.213139975791947
546.5007507121261	10.462192332152222	-24.38581684939509
550.5161111982751	10.456505939525213	-24.559650443700413
554.560974150455	10.450739408676943	-24.734646916056622
558.6355563351317	10.444891663584489	-24.91081242220075
562.7400761114412	10.43896161529215	-25.08815311538336
566.8747534428928	10.4329481617991	-25.266675145474302
571.0398099091539	10.426850187947334	-25.446384658048256
575.2354687179285	10.420666565310007	-25.627287793450495
579.4619547169167	10.414396152080139	-25.809390685841883
583.7194944058651	10.408037792959792	-25.992699462223413
588.0083159487048	10.401590319049758	-26.177220241439667
592.3286491857787	10.39505254773979	-26.36295913316138
596.6807256461593	10.388423282599465	-26.54992223684633
601.0647785600561	10.38170131326973	-26.73811564067876
605.4810428713153	10.374885415355134	-26.927545420486947
609.9297552500071	10.367974350316928	-27.11821763863842
614.4111541051166	10.36096686536693	-27.310138342913373
618.9254795973105	10.353861693362386	-27.503313565354826
623.4729736518154	10.346657552701782	-27.69774932109662
628.0538799713788	10.33935314722169	-27.893451607168114
632.6684440493302	10.33194716609476	-28.090426401275657
637.3169131827372	10.324438283728895	-28.28867966056073
641.9995364856582	10.316825159667669	-28.488217320334552
646.7165649024934	10.309106438492101	-28.689045292788638
651.4682512214295	10.301280749723851	-28.891169465681443
656.2548500879943	10.293346707729839	-29.094595701001115
661.0766180186939	10.285302911628524	-29.2993298336032
665.9338134147667	10.277147945197758	-29.505377669824515
670.8266965760283	10.268880376784404	-29.712744986071886
675.7555297148215	10.26049875921575	-29.921437527386015
680.7205769700684	10.252001629712845	-30.13146100598067
685.7221044214258	10.243387509805814	-30.342821099756215
690.7603801035449	10.234654905251261	-30.555523450788368
695.8356740204348	10.225802305951808	-30.769573663791157
700.9482581599334	10.216828185877953	-30.98497730455451
706.0984065082803	10.207731002992254	-31.201739898356163
711.286395064804	10.19850919917599	-31.419866928348014
716.5125018567104	10.189161200158345	-31.639363833916462
721.7770069539829	10.179685415448299	-31.860236009016987
727.0801924843913	10.170080238269243	-32.08248880048279
732.4223426486119	10.160344045496487	-32.30612750630751
737.803743735457	10.150475197597718	-32.53115737390186
743.2246841372182	10.140472038576549	-32.75758359832437
748.6854543651215	10.130332895919272	-32.98541132048597
754.1863470648927	10.120056080544899	-33.214645625328664
759.7276570324485	10.109639886758613	-33.44529153997834
765.3096812296844	10.099082592208791	-33.6773540318713
770.9327188003971	10.088382457847622	-33.91083800685537
776.5970710863122	10.077537727895542	-34.14574830726495
782.3030416432339	10.06654662980953	-34.382089709970344
788.0509362573131	10.055407374255424	-34.619866924401684
793.8410629614339	10.044118155084389	-34.859084590547255
799.6737320517228	10.032677149313606	-35.099747276926614
805.5492561041733	10.021082517111397	-35.3418594785384
811.4679499914058	10.009332401786818	-35.58542561478371
817.4301308995309	9.997424929783946	-35.830450027363995
823.4361183451557	9.985358210680893	-36.076936978155075
829.4862341925038	9.973130337193762	-36.3248906470568
835.5808026706642	9.960739385185647	-36.57431512981851
841.7201503909674	9.948183413680772	-36.825214435841154
847.9046063644884	9.935460464883988	-37.077592485955954
854.1345020196786	9.92256856420569	-37.33145311018009
860.4101712201277	9.909505720292337	-37.586800045449884
866.7319502824557	9.89626992506267	-37.843636933331744
873.1001779943336	9.882859153749848	-38.101967317711214
879.515195632644	9.86927136494951	-38.3617946424612
885.9773469817667	9.855504500674062	-38.623122249088894
892.4869783520037	9.84155648641319	-38.88595337436263
899.0444385981376	9.82742523120084	-39.150291147918956
905.6500791381277	9.81310862768874	-39.41613858985059
912.3042539719414	9.798604552226664	-39.68349860827575
919.0073197005266	9.783910864949494	-39.9523739968896
925.7596355449225	9.769025409871347	-40.22276743249835
932.5615633655054	9.75394601498679	-40.49468147253677
939.4134676813921	9.738670492379338	-40.7681185525703
946.3157156899608	9.72319663833741	-41.04308098378111
953.2686772865404	9.707522233477784	-41.319570950441054
960.272725084228	9.691645042876791	-41.59759050737031
967.3282344338592	9.675562816209357	-41.87714157738385
974.4355834441225	9.659273287895967	-42.15822594872597
981.5951530018232	9.642774177257795	-42.44084527249431
988.8073267922955	9.62606318868007	-42.725001060054076
996.0724913199601	9.609138011783788	-43.010694680443024
1003.3910359290481	9.591996321605967	-43.297927357769595
1010.7633528244504	9.574635778788558	-43.5867001686033
1018.1898370927534	9.557054029776078	-43.877014039360674
1025.6708867233958	9.539248707022166	-44.16886974368575
1033.2069026300087	9.521217429205173	-44.46226789982816
1040.798288671896	9.50295780145286	-44.75720896801895
1048.4454516756775	9.484467415576361	-45.0536932478455
1056.1488014570932	9.465743850313515	-45.351720875627294
1063.9087508429593	9.446784671581703	-45.651291821793315
1071.7257156933038	9.427587432740212	-45.95240588826328
1079.600114923637	9.408149674862381	-46.25506270583265
1087.5323705274182	9.388468927017433	-46.55926173156488
1095.5229075986545	9.368542706562298	-46.865002246190265
1103.572154354694	9.348368519443337	-47.17228335151478
1111.6805421591682	9.327943860508167	-47.481103967839054
1119.8485055451104	9.30726621382762	-47.7914628313899
1128.0764822382441	9.286333053027935	-48.10335849176587
1136.3649131804348	9.265141841633254	-48.416789309398006
1144.7142425533327	9.243690033418412	-48.73175345302862
1153.12491780216	9.221975072772263	-49.048248897208076
1161.597389659708	9.199994395071354	-49.366273419813595
1170.132112170474	9.177745427064218	-49.6858245995894
1178.7295427150084	9.155225587266155	-50.006899813712415
1187.3901420344182	9.132432286364669	-50.32949623538355
1196.1143742550603	9.109362927635463	-50.65361083144742
1204.902706913415	9.086014907369137	-50.97924036004225
1213.7556109811399	9.062385615308484	-51.30638136828166
1222.6735608903125	9.038472435096478	-51.6350301899708
1231.6570345588482	9.014272744734917	-51.965182943358016
1240.7065134161257	8.989783917053636	-52.296835528925506
1249.8224824287693	8.965003320190473	-52.629983627218905
1259.005430126657	8.939928318081664	-52.96462269672036
1268.2558486290839	8.91455627096293	-53.300747971764736
1277.5742336711478	8.888884535880967	-53.638354460503294
1286.9610846303106	8.862910467215432	-53.97743694291514
1296.41690455316	8.836631417211283	-54.31798996886984
1305.9422001823718	8.810044736521439	-54.66000785624276
1315.5374819838569	8.783147774759643	-55.00348468908518
1325.2032641741348	8.755937881063419	-55.348414315852516
1334.9400647478685	8.728412404667106	-55.69479034769048
1344.7484055056475	8.700568695484678	-56.04260615678465
1354.6288120819297	8.672404104702442	-56.39185487477205
1364.5818139732262	8.643915985381252	-56.74252939122024
1374.60794456647	8.615101693068263	-57.094622352173644
1384.7077411676025	8.585958586417961	-57.44812615877082
1394.8817450303688	8.556484027822322	-57.80303296593401
1405.1305013853168	8.526675384049984	-58.15933468113349
1415.4545594690323	8.496530026894012	-58.51702296322945
1425.8544725535517	8.466045333828427	-58.876089221391766
1436.330797976034	8.435218688672837	-59.23652461410258
1446.8840971686088	8.404047482265346	-59.59832004824059
1457.5149356884785	8.372529113143159	-59.961466178252294
1468.22388324822	8.340660988230864	-60.325953405409734
1479.0115137463174	8.308440523536012	-60.69177187715827
1489.878405297917	8.275865144851746	-61.058911486555886
1500.8251402658095	8.242932288466154	-61.42736187180602
1511.8523052916405	8.209639401878102	-61.79711241588596
1522.9604913273415	8.175983944519183	-62.16815224627234
1534.1502936668153	8.14196338848146	-62.54047023476676
1545.422311977816	8.107575219250723	-62.914054997421125
1556.7771503341103	8.072816936444763	-63.28889489456746
1568.2154172478258	8.037686054556536	-63.66497803095055
1579.73772570208	8.0021801037016	-64.04229225596826
1591.3446931838216	7.966296630369582	-64.42082516401885
1603.036941716924	7.930033198179269	-64.80056409495769
1614.8150978955216	7.893387388636882	-65.18149613466511
1626.6797929175805	7.85635680189716	-65.5636081157258
1638.6316626187438	7.818939057526712	-65.94688661822285
1650.6713475063807	7.78113179526944	-66.33131797064486
1662.7994927939392	7.742932675813286	-66.71688825091098
1675.016748435497	7.704339381558135	-67.103583287511
1687.3237691606132	7.665349617384171	-67.4913886607652
1699.7212145094056	7.625961111420398	-67.88028970420201
1712.2097488678978	7.586171615812731	-68.27027150605586
1724.7900415036272	7.545978907491216	-68.66131891088574
1737.4627666015	7.505380788935916	-69.0534165213143
1750.2286032999436	7.464375088940827	-69.44654869988987
1763.0882357272728	7.4229596633755595	-69.84069957106898
1776.0423530383825	7.381132395943957	-70.23585302332322
1789.0916494516532	7.338891198939471	-70.63199271136725
1802.2368242861733	7.296234013996463	-71.02910205851087
1815.4785819992076	7.253158812837107	-71.4271642591334
1828.8176322239517	7.209663598013288	-71.82616228128124
1842.2546898075611	7.165746403642976	-72.22607886938776
1855.7904748494607	7.1214052961405	-72.62689654711588
1869.425712739936	7.076638374940256	-73.02859762032233
1883.161134199	7.031443773213262	-73.43116418014331
1896.9974753155711	6.985819658575938	-73.8345781062013
1910.9354775868944	6.93976423379085	-74.238821069931
1924.975887958308	6.893275737458425	-74.64387453802543
1939.1194588632434	6.846352444699619	-75.04971977599877
1953.366948263571	6.7989926678285215	-75.45633785186747
1967.7191196902095	6.7511947570147175	-75.86370963994617
1982.1767422840455	6.702957100934672	-76.27181582475806
1996.740590837155	6.654278127411695	-76.68063690505838
2011.411445834314	6.605156304043969	-77.09015319796843
2026.1900934948485	6.555590138819993	-77.50034484322022
2041.0773258147365	6.50557818072123	-77.91119180750707
2056.0739406090856	6.455119020311032	-78.32267388894164
2071.1807415548565	6.404211290309783	-78.7347707216159
2086.3985382339556	6.352853666155403	-79.14746178026371
2101.7281461766106	6.3010448665490095	-79.56072638502167
2117.170386905078	6.248783653985077	-79.97454370628677
2132.7260879776695	6.196068835265754	-80.38889276966846
2148.3960830330916	6.142899261998865	-80.8037524610312
2164.181211835145	6.089273831079025	-81.21910153162723
2180.0823203176933	6.0351914851517785	-81.63491860331324
2196.1002606300353	5.980651213059862	-82.0511821738518
2212.2358911825363	5.925652050271742	-82.46787062229095
2228.4900766926567	5.870193079291514	-82.88496221442158
2244.8636882312812	5.814273430050245	-83.30243510830776
2261.357603269401	5.7578922802780905	-83.72026735988715
2277.9727057251407	5.701048855857003	-84.13843692863814
2294.709886011125	5.643742431153695	-84.5569216833102
2311.570041082201	5.5859723293324715	-84.97569940771383
2328.5540744834934	5.527737922647811	-85.39474780656616
2345.662896398852	5.469038632716144	-85.81404451138968
2362.8974236995946	5.409873930766988	-86.23356708645807
2380.2585799936796	5.350243337872708	-86.65329303478818
2397.7472956751667	5.290146425157229	-87.07319980417124
2415.364507974105	5.229582813982985	-87.49326479324229
2433.1111610067464	5.168552176116315	-87.91346535758132
2450.988205826143	5.107054233871015	-88.33377881584374
2468.9966004731195	5.045088760229807	-88.75418245591558
2487.1373100276005	4.982655578943874	-89.17465354108873
2505.4113066603586	4.9197545646099945	-89.59516931625376
2523.819569685075	4.856385642725673	-90.01570701410368
2542.363085610861	4.7925487897216845	-90.43624386134738
2561.0428481950908	4.72824403297256	-90.85675708492558
2579.859858496681	4.663471450784451	-91.27722391822802
2598.8151249297302	4.598231172360838	-91.69762160730538
2617.9096633175577	4.53252337774588	-92.117927417073
2637.1444969471486	4.466348297745453	-92.53811863750218
2656.5206566239785	4.3997062138261205	-92.958172589794
2676.0391807272817	4.332597457991859	-93.37806663253329
2695.701115265662	4.265022412639016	-93.79777816781619
2715.507513933189	4.196981510389196	-94.21728464735038
2735.4594381658267	4.1284752339007165	-94.63656357852018
2755.557957198347	4.059504115658336	-95.05559253041638
2775.8041481216164	3.9900687377418236	-95.47434913982393
2796.1990959403197	3.9201697315733735	-95.89281111716514
2816.7438936311078	3.8498077776441586	-96.31095625239392
2837.439642201169	3.7789836052203034	-96.72876242083775
2858.287450747237	3.7076979920284936	-97.14620758898322
2879.2884365150135	3.6359517639215753	-97.5632698202015
2900.4437249590724	3.5637457945243067	-97.97992728041123
2921.7544498031316	3.491081004859882	-98.39615824367309
2943.2217531008555	3.4179583629571275	-98.81194109771562
2964.8467852970157	3.3443788834392194	-99.22725434938582
2986.6307052891743	3.270343627093834	-99.64207663002416
3008.5746804897767	3.195853700425463	-100.05638670075876
3030.6798868887163	3.120910255190083	-100.47016345771691
3052.94750911636	3.045514487912688	-100.88338593715025
3075.3787405070166	2.9696676393881196	-101.29603332047115
3097.9747831629234	2.89337099416547	-101.7080849391979
3120.7368480186205	2.8166258800168564	-102.11952027980473
3143.6661549058963	2.7394336673905095	-102.53031898847625
3166.76393261911	2.661795768849271	-102.94046087576129
3190.0314189810797	2.5837136384943533	-103.34992592112646
3213.4698609094016	2.505188771375341	-103.75869427740531
3237.080514483276	2.4262227028866405	-104.1667462751419
3260.8646450108254	2.3468170081510125	-104.57406242682663
3284.8235270968853	2.2669733013907205	-104.9806234310221
3308.958444711348	2.1866932352865525	-105.38641017637877
3333.2706912579224	2.105978500325771	-105.79140374553599
3357.7615696435	2.024830824138817	-106.1955854189104
3382.432392347929	1.9432519708260316	-106.59893667836701
3407.284481494388	1.8612437402742743	-107.0014392107745
3432.319168920221	1.7788079674644528	-107.40307491144168
3457.5377962483176	1.69594652177026	-107.80382588743491
3482.941714959008	1.6126613062487198	-108.20367446077569
3508.5322864624923	1.5289542569230998	-108.6026031715173
3534.3108821718006	1.4448273420587052	-109.00059478070021
3560.278883576272	1.3602825614321414	-109.39763227318491
3586.4376823156267	1.2753219455944331	-109.7936988603637
3612.788680254493	1.189947555128869	-110.18877798274781
3639.3332895575895	1.1041614799036008	-110.58285331243391
3666.072932765351	1.0179658383201404	-110.97590875544562
3693.0090428702038	0.9313627765576651	-111.36792845395362
3720.1430633933396	0.8443544678141399	-111.75889678837245
3747.4764484620814	0.7569431115445076	-112.1487983793345
3775.0106628878125	0.6691309326965491	-112.53761808954239
3802.747182244459	0.5809201809449484	-112.92534102549925
3830.6874929476085	0.4923131299238763	-113.31195253911856
3858.833092334108	0.4033120764590099	-113.69743822921221
3887.1854887423733	0.3139193397988389	-114.08178394286047
3915.746201593159	0.22413726084647284	-114.46497577666142
3944.5167614710313	0.13396820139172233	-114.84700007786392
3973.4987102063706	0.04341454334443383	-115.22784344538246
4002.693600958005	-0.04752131203072996	-115.60749273069686
4032.1029982964483	-0.13883694487755846	-115.98593503863701
4061.728478287726	-0.23052991750910612	-116.36315772805408
4091.5716285778817	-0.32259777516587046	-116.73914841238029
4121.634048477999	-0.41503804677044076	-117.11389496007676
4151.917349049978	-0.507848245678872	-117.48738549497386
4182.423153192804	-0.6010258704276611	-117.85960839650197
4213.1530957295745	-0.6945684054766503	-118.23055229981773
4244.10882349508	-0.7884733219469003	-118.60020609582507
4275.291995424071	-0.8827380783535631	-118.96855893109377
4306.704282640155	-0.9773601213331894	-119.33560020767688
4338.347368545358	-1.0723368863652485	-119.70131958282927
4370.222948910341	-1.1676657984874836	-120.0657069686288
4402.332731965254	-1.2633442730047226	-120.42875253150184
4434.6784384913335	-1.3593697161911276	-120.79044669165617
4467.261801913047	-1.4557395259850467	-121.15078012242125
4500.0845683910675	-1.5524510926769226	-121.50974374950039
4533.148496915778	-1.6495017995891703	-121.86732875013415
4566.45535940159	-1.7468890237485766	-122.22352655217986
4600.006940781874	-1.8446101365503291	-122.57832883310672
4633.805039104627	-1.9426625044138282	-122.93172751891062
4667.851465628829	-2.0410434894299083	-123.28371478294959
4702.148044921488	-2.13975044999923	-123.6342830447024
4736.696614955473	-2.238780741461935	-123.98342496845335
4771.499027207938	-2.3381317167177684	-124.3311334619032
4806.557146759624	-2.43780072683735	-124.6774016747115
4841.872852394734	-2.537785121663492	-125.02222299696923
4877.44803670167	-2.6380822504032797	-125.365591057607
4913.284606174442	-2.7386894622101448	-125.70749972273879
4949.384481314832	-2.8396041067561164	-126.04794309394443
4985.749596735327	-2.9408235347940748	-126.386915506493
5022.381901262767	-3.0423450987097658	-126.72441152750862
5059.283358042845	-3.144166153063864	-127.06042595408252
5096.455944645228	-3.2462840551233114	-127.39495381133072
5133.901653169624	-3.3486961653827505	-127.72799035040292
5171.622490352465	-3.45139984807507	-128.05953104644155
5209.620477674498	-3.5543924716717674	-128.3895715964955
5247.897651469098	-3.6576714093725866	-128.7181079173893
5286.456063031395	-3.7612340395846093	-129.0451361435501
5325.297778728216	-3.865077746390759	-129.37065262479513
5364.424880108807	-3.9691999200075836	-129.6946539240807
5403.8394640164015	-4.073597957232501	-130.01713681521585
5443.54364270056	-4.178269261880213	-130.3380982805412
5483.5395439304275	-4.283211245208757	-130.65753550857735
5523.829311108678	-4.388421326334519	-130.9754458916414
5564.415103386471	-4.493896932637075	-131.2918270234374
5605.299095779079	-4.599635500152999	-131.60667669661893
5646.483479282504	-4.705634473959482	-131.91999290032845
5687.970460990873	-4.811891308547217	-132.23177381771387
5729.76226421472	-4.918403468182888	-132.54201782342437
5771.861128600138	-5.0251684272612405	-132.85072348108739
5814.269310248776	-5.132183670646729	-133.15788954076822
5856.989081838812	-5.239446694005093	-133.46351493641492
5900.022732746652	-5.346955004124341	-133.76759878328804
5943.372569169721	-5.454706119226054	-134.07014037537974
5987.040914249959	-5.562697569266154	-134.37113918282085
6031.030108198386	-5.670926896226113	-134.67059484928
6075.342508420488	-5.779391654394024	-134.96850718935474
6119.980489642554	-5.888089410635981	-135.26487618595655
6164.946444038949	-5.9970177446578	-135.55970198769157
6210.242781360277	-6.106174249257004	-135.85298490623768
6255.871929062592	-6.215556530565661	-136.14472541372064
6301.836332437392	-6.3251622082834125	-136.4349241400884
6348.138454742764	-6.434988915901727	-136.7235818704878
6394.780777335299	-6.545034300918589	-137.01069954264185
6441.765799803133	-6.655296025044527	-137.2962782442316
6489.0960400998765	-6.765771764399559	-137.58031921028146
6536.7740346795545	-6.876459209701434	-137.86282382055097
6584.802338632541	-6.987356066445244	-138.14379359693265
6633.183525822482	-7.098460055074524	-138.42323020085817
6681.920189024242	-7.209768911144021	-138.7011354307131
6731.014940062816	-7.3212803854740915	-138.97751121926143
6780.470409953374	-7.432992244297287	-139.2523596310815
6830.289249042155	-7.544902269396538	-139.52568286001278
6880.474127148613	-7.6570082582360275	-139.79748322661615
6931.027733708389	-7.769308024083859	-140.067763175647
6981.952777917515	-7.8817993961276	-140.33652527354332
7033.251988877568	-7.994480219582161	-140.6037722059284
7084.928115741928	-8.107348355790503	-140.86950677512968
7136.983927863119	-8.220401682317224	-141.13373189771423
7189.422214941179	-8.333638093035056	-141.39645060204126
7242.245787173246	-8.447055498204778	-141.65766602583324
7295.457475404044	-8.560651824548012	-141.91738141376467
7349.060131277709	-8.674425015313963	-142.1756001150713
7403.0566273905015	-8.788373030339235	-142.4323255811778
7457.44985744483	-8.902493846101814	-142.68756136334684
7512.242736404286	-9.016785455768597	-142.94131111034844
7567.438200649873	-9.13124586923712	-143.1935785661508
7623.039208137371	-9.245873113171331	-143.4443675676329
7679.048738555818	-9.360665231031641	-143.69368204231927
7735.46979348728	-9.475620283099582	-143.94152600613754
7792.305396567586	-9.590736346496653	-144.18790356119862
7849.558593648498	-9.706011515198355	-144.4328188936008
7907.232452960816	-9.821443900042553	-144.67627627125677
7965.3300652788985	-9.937031628733221	-144.91828004174536
8023.854544086254	-10.052772845839053	-145.15883463018687
8082.809025742405	-10.168665712787375	-145.39794453714356
8142.196669650969	-10.284708407853424	-145.6356143365441
8202.020658428968	-10.40089912614512	-145.87184867363385
8262.284198077401	-10.517236079583476	-146.10665226294952
8322.990518153005	-10.633717496878635	-146.3400298863194
8384.142871941433	-10.750341623502091	-146.57198639088946
8445.74453663146	-10.86710672165444	-146.80252668717424
8507.798813490757	-10.984011070229771	-147.03165574713427
8570.30902804267	-11.101052964775791	-147.25937860227853
8633.278530244535	-11.218230717450739	-147.48570034179343
8696.710694667167	-11.335542656976498	-147.7106261106973
8760.608920675699	-11.452987128588418	-147.934161108021
8824.97663261178	-11.570562493981829	-148.15631058501467
8889.817279977036	-11.688267131255262	-148.37707984338
8955.134337618028	-11.8060994348509	-148.59647423352934
9020.93130591234	-11.924057815491583	-148.81449915286987
9087.211710956302	-12.042140700115496	-149.03116004411453
9153.979104753837	-12.1603465318076	-149.2464623936182
9221.237065406895	-12.278673769728814	-149.46041172974046
9288.98919730717	-12.397120889042402	-149.6730136212333
9357.239131329272	-12.515686380837996	-149.88427367565535
9425.990525025314	-12.63436875205329	-150.09419753781117
9495.247062820874	-12.75316652539333	-150.30279088821618
9565.012456212553	-12.87207823924797	-150.51005944158743
9635.290443966725	-12.991102447606735	-150.71600894535874
9706.08479232007	-13.11023771997233	-150.92064517822212
9777.399295181245	-13.229482641271627	-151.12397394869302
9849.237774334319	-13.348835811765344	-151.3260010937015
9921.604079643532	-13.468295846955723	-151.5267324772074
9994.502089259626	-13.587861377492638	-151.72617398884023
10067.935709827683	-13.707531049078192	-151.92433154256375
10141.908876696432	-13.827303522369673	-152.12121107536393
10216.425554129244	-13.947177472881382	-152.31681854596198
10291.489735516523	-14.067151590884883	-152.5111599335504
10367.105443589677	-14.187224581308024	-152.7042412365526
10443.276730636753	-14.307395163632917	-152.89606847140658
10520.007678719569	-14.427662071792653	-153.08664767137114
10597.302399892533	-14.548024054067172	-153.27598488535554
10675.165036422964	-14.668479872977906	-153.4640861767716
10753.599761013045	-14.789028305181596	-153.65095762240838
10832.610777023474	-14.909668141363333	-153.8366053113294
10912.202318698772	-15.030398186128844	-154.02103534379174
10992.378651394158	-15.151217257895905	-154.20425383018707
11073.144071804078	-15.272124188785064	-154.38626689000415
11154.502908192548	-15.393117824509972	-154.56708065081295
11236.459520625047	-15.514197024266934	-154.7467012472697
11319.01830120226	-15.635360660624158	-154.9251348201431
11402.183674295393	-15.756607619410365	-155.10238751536085
11485.960096783241	-15.877936799603035	-155.27846548307653
11570.352058291077	-15.999347113216377	-155.45337487675712
11655.3640814313	-16.12083748518907	-155.62712185229006
11741.00072204576	-16.242406853271536	-155.79971256710994
11827.266569449856	-16.364054167913082	-155.9711531793446
11914.166246678556	-16.485778392148983	-156.14144984698058
12001.7044107341	-16.60757850148729	-156.31060872704717
12089.885752835642	-16.72945348379575	-156.47863597481944
12178.714998670604	-16.85140233918848	-156.64553774303923
12268.196908647886	-16.973424079912633	-156.8113201811546
12358.33627815302	-17.09551773023528	-156.97598943457686
12449.137937805213	-17.21768232633031	-157.13955164395568
12540.606753716173	-17.33991691616531	-157.3020129444711
12632.747627750832	-17.46222055938862	-157.46337946514276
12725.565497790118	-17.58459232721666	-157.62365732815607
12819.065337995527	-17.70703130232136	-157.78285264820502
12913.252159075771	-17.82953657871795	-157.94097153185132
13008.131008555252	-17.952107261652827	-158.0980200768995
13103.706971044503	-18.074742467491763	-158.25400437178803
13199.985168512736	-18.19744132360853	-158.4089304949958
13296.970760562383	-18.320202968273872	-158.56280451446452
13394.668944705543	-18.443026550544705	-158.7156324870356
13493.084956642471	-18.56591123015371	-158.867420457902
13592.224070542217	-18.68885617739952	-159.01817446007522
13692.09159932535	-18.811860573037283	-159.1679005138662
13792.692894948485	-18.934923608169456	-159.31660462638024
13894.03334869133	-19.058044484137483	-159.46429279102654
13996.118391445401	-19.181222412413554	-159.6109709870406
14098.953494005158	-19.304456614493148	-159.7566451790204
14202.544167361239	-19.427746321788128	-159.90132131647627
14306.895962995746	-19.551090775520215	-160.04500533339277
14412.01447317969	-19.674489226615066	-160.187703147804
14517.905331272745	-19.797940935597047	-160.32942066138148
14624.574212025194	-19.921445172484606	-160.47016375903394
14732.026831881998	-20.04500121668615	-160.6099383085195
14840.26894928907	-20.168608356896502	-160.74875016006956
14949.306365001965	-20.292265890994212	-160.8866051460244
15059.144922396694	-20.415973125939338	-161.02350908048027
15169.790507782956	-20.53972937767203	-161.15946775894767
15281.249050719533	-20.66353397101168	-161.29448695802068
15393.526524331992	-20.787386239556668	-161.4285724350568
15506.628945632854	-20.911285525585015	-161.561729927868
15620.562375844112	-21.03523117995573	-161.69396515442162
15735.332920721989	-21.15922256201067	-161.82528381255185
15850.946730884085	-21.283259039477183	-161.9556915796808
15967.410002139097	-21.407339988371636	-162.08519411254989
16084.728975818776	-21.531464792903463	-162.21379704696042
16202.909939112513	-21.655632845380197	-162.34150599752397
16321.959225404205	-21.779843546112968	-162.46832655742168
16441.883214611596	-21.904096303322902	-162.59426429817273
16562.68833352825	-22.028390533048253	-162.71932476941183
16684.38105616803	-22.1527256590524	-162.84351349867524
16806.967904111974	-22.277101112732453	-162.96683599119538
16930.455446857737	-22.401516333028578	-163.0892977297037
17054.85030217174	-22.525970766334318	-163.2109041742418
17180.159136443755	-22.650463866407506	-163.33166076198063
17306.38866504427	-22.774995094282087	-163.4515729070474
17433.54565268429	-22.899563918180597	-163.5706460003603
17561.636913777813	-23.024169813427417	-163.6888854094704
17690.66931280706	-23.148812262362867	-163.80629647841127
17820.64976469043	-23.273490754258216	-163.92288452755568
17951.58523515302	-23.3982047852312	-164.03865485347941
18083.48274109981	-23.522953858162445	-164.15361272883143
18216.34935099186	-23.64773748261274	-164.26776340221176
18350.192185224998	-23.772555174740994	-164.38111209805493
18485.018416511542	-23.89740645722313	-164.49366401652063
18620.835270264604	-24.02229085917156	-164.6054243333903
18757.650024985236	-24.147207916055486	-164.71639819996972
18895.470012652557	-24.272157169622073	-164.82659074299798
19034.30261911676	-24.397138167818454	-164.93600706456232
19174.155284494842	-24.52215046471432	-165.0446522420183
19315.03550356926	-24.647193620425313	-165.15253132791597
19456.95082618967	-24.772267201037366	-165.25964934993138
19599.908857677477	-24.897370778531652	-165.3660113108035
19743.91725923352	-25.022503930710428	-165.4716221882763
19888.983748348543	-25.147666241123517	-165.57648693504615
20035.116099216724	-25.27285729899556	-165.68061047871356
20182.322143152367	-25.398076699154096	-165.7839977217409
20330.60976900967	-25.5233240419585	-165.88665354141364
20479.986923605396	-25.648598933229437	-165.98858278980728
20630.461612144707	-25.77390098417918	-166.089790293758
20782.041898650194	-25.899229811342636	-166.1902808548382
20934.735906394202	-26.024585036509393	-166.29005924933622
21088.551818333854	-26.149966286655907	-166.38913022824008
21243.4978775499	-26.275373193879147	-166.48749851722576
21399.582387688202	-26.400805395330313	-166.58516881664877
21556.81371340483	-26.52626253314971	-166.68214580154037
21715.200280814443	-26.651744254402267	-166.778434121607
21874.75057794173	-26.777250211013648	-166.87403840123372
22035.473155176238	-26.902780059707094	-166.96896323949105
22197.376625730638	-27.028333461941067	-167.06321321014542
22360.469666102443	-27.15391008384765	-167.15679286167313
22524.761016538865	-27.279509596171465	-167.24970671727732
22690.259481505138	-27.405131674209336	-167.3419592749085
22856.97393015648	-27.530775997750744	-167.43355500728796
23024.913296813305	-27.656442251018852	-167.52449836193446
23194.086581440173	-27.78213012261238	-167.61479376119377
23364.50285012798	-27.907839305447926	-167.70444560227108
23536.171235579754	-28.033569496703027	-167.79345825726628
23709.10093760015	-28.159320397760006	-167.88183607321196
23883.301223588584	-28.285091714150393	-167.9695833721142
24058.781429035767	-28.41088315550003	-168.05670445099545
24235.55095802393	-28.53669443547464	-168.14320358194078
24413.619283730906	-28.662525271726352	-168.22908501214562
24592.995948937725	-28.78837538584061	-168.31435296396646
24773.690566540165	-28.91424450328394	-168.39901163497385
24955.712820063804	-29.040132353352114	-168.4830651980072
25139.072464182875	-29.166038669118997	-168.5665178012322
25323.779325243115	-29.291963187386095	-168.6493735682
25509.843301788478	-29.417905648632754	-168.73163659790856
25697.274365091493	-29.543865796966806	-168.81331096486616
25886.082559687526	-29.66984338007581	-168.89440071915635
26076.27800391323	-29.795838149179083	-168.9749098865052
26267.870890448696	-29.921849858980103	-169.05484246835007
26460.871486863827	-30.047878267619737	-169.13420244191013
26655.29013616849	-30.173923136629806	-169.2129937602588
26851.137257366685	-30.29998423088724	-169.29122035239737
27048.423346015028	-30.426061318568983	-169.3688861233307
27247.158974785307	-30.552154171107393	-169.44599495414383
27447.354794030976	-30.67826256314609	-169.52255070208076
27649.021532357812	-30.804386272496387	-169.59855720062387
27852.169997199006	-30.930525080094355	-169.67401825957538
28056.811075394253	-31.05667876995834	-169.74893766513966
28262.955733773346	-31.18284712914714	-169.82331918000705
28470.615019743786	-31.309029947718546	-169.89716654343877
28679.800061882685	-31.435227018688416	-169.97048347135302
28890.522070533287	-31.561438137990375	-170.04327365641225
29102.79233840585	-31.68766310443608	-170.11554076811154
29316.6222411827	-31.81390171967579	-170.18728845286793
29532.023238127767	-31.940153788159495	-170.25852033411073
29749.006872700837	-32.06641911709866	-170.32924001237294
29967.58477317608	-32.192697516428346	-170.3994510653835
30187.76865326539	-32.31898879876993	-170.46915704816033
30409.570312745996	-32.445292779394165	-170.53836149310445
30633.001638092715	-32.571609276184745	-170.60706791009463
30858.074603115063	-32.69793810960237	-170.675279786583
31084.801269599073	-32.82427910264942	-170.74300058769123
31313.19378795356	-32.95063208083484	-170.81023375630784
31543.26439786115	-33.07699687213952	-170.8769827131854
31775.02542893432	-33.20337330698225	-170.94325085703915
32008.48930137637	-33.32976121818621	-171.00904156464577
32243.668526646554	-33.45616044094547	-171.07435819094286
32480.575708131106	-33.58257081279244	-171.139204069129
32719.2235418182	-33.70899217356537	-171.20358251076414
32959.62481697853	-33.835424365376426	-171.26749680587062
33201.79241685085	-33.961867232580296	-171.33095022303485
33445.73931933221	-34.088320621742994	-171.39394600950885
33691.478597673384	-34.21478438161114	-171.45648739131275
33939.02342117953	-34.34125836308168	-171.51857757333735
34188.38705591623	-34.46774241917217	-171.58021973944722
34439.58286541986	-34.594236404990994	-171.64141705258385
34692.62431141437	-34.720740177708606	-171.7021726548694
34947.52495453218	-34.84725359652848	-171.76248966771058
35204.29845504112	-34.97377652265897	-171.82237119190273
35462.95857357664	-35.10030881928539	-171.88182030773424
35723.5191718791	-35.22685035154235	-171.94084007509122
35985.99421353651	-35.35340098648652	-171.999433533562
36250.397764732945	-35.47996059306979	-172.05760370254234
36516.74399500253	-35.60652904211289	-172.1153535813403
36785.04717798866	-35.7331062062792	-172.17268614928162
37055.32169220876	-35.859691960048835	-172.22960436581488
37327.582021825096	-35.986286179693394	-172.28611117061683
37601.84275742078	-36.11288874325071	-172.34220948369813
37878.11859678197	-36.23949953050025	-172.3979022055085
38156.424345685366	-36.36611842293863	-172.45319221704253
38436.77491869149	-36.492745303755406	-172.50808237994508
38719.18533994413	-36.61938005780941	-172.5625755366168
39003.67074397565	-36.74602257160537	-172.6166745103199
39290.24637651791	-36.87267273327072	-172.67038210528335
39578.92759531912	-36.99933043253264	-172.72370110680856
39869.72987096711	-37.12599556069578	-172.77663428137464
40162.66878771824	-37.252668010619885	-172.82918437674377
40457.760044332856	-37.37934767669806	-172.8813541220664
40755.01945491637	-37.50603445483508	-172.93314622798647
41054.46294976663	-37.63272824242601	-172.98456338674623
41356.106576227765	-37.75942893833527	-173.03560827229126
41659.96649955036	-37.886136442875966	-173.08628354037518
41966.0590037576	-38.0128506577894	-173.13659182866422
42274.400492517736	-38.1395714862248	-173.1865357568416
42585.00749002346	-38.26629883271957	-173.2361179267118
42897.89664187725	-38.39303260317959	-173.2853409223046
43213.084715983685	-38.51977270485995	-173.33420730997895
43530.58860344787	-38.64651904634585	-173.38271963852654
43850.42531948046	-38.77327153753366	-173.43088043927537
44172.61200430973	-38.900030089612486	-173.47869222619283
44497.165924100234	-39.02679461504587	-173.52615749598857
44824.10447187798	-39.15356502755372	-173.57327872821747
45153.445168462364	-39.280341242094416	-173.62005838538195
45485.205663405344	-39.40712317484734	-173.666498913034
45819.40373593714	-39.53391074319555	-173.71260273987738
46156.05729591931	-39.660703865708726	-173.75837227786914
46495.18438480435	-39.787502462126334	-173.8038099223209
46836.803176602356	-39.914306453340906	-173.84891805200007
47180.931978855195	-40.04111576138175	-173.89369902923036
47527.58923361777	-40.167930309398855	-173.93815519999248
47876.79351844618	-40.29475002164695	-173.9822888940241
48228.56354739309	-40.42157482346964	-174.0261024249197
48582.91817201082	-40.548404641284066	-174.06959809023007
48939.87638236191	-40.6752394025657	-174.11277817156142
49299.45730803614	-40.80207903583307	-174.15564493467414
49661.68021917644	-40.92892347063316	-174.19820062958138
50026.564527510935	-41.055772637526545	-174.24044749064697
50394.129787393504	-41.18262646807304	-174.2823877366833
50764.39569685193	-41.30948489481757	-174.32402357104863
51137.3820986433	-41.436347851276025	-174.3653571817442
51513.10898131722	-41.56321527192134	-174.40639074151073
51891.59648028718	-41.690087092169975	-174.4471264079248
52272.864878909975	-41.81696324836852	-174.4875663234946
52656.93460957191	-41.943843677780166	-174.52771261575566
53043.8262547847	-42.07072831857193	-174.5675673973658
53433.560548287685	-42.19761710980151	-174.60713276619975
53826.15837615935	-42.324509991404675	-174.64641080544376
54221.64077793678	-42.451406904182754	-174.68540358368932
54620.02894774299	-42.57830778979026	-174.72411315502674
55021.34423542251	-42.705212590722546	-174.7625415591383
55425.608147685765	-42.832121250304	-174.80069082139087
55832.84234926181	-42.95903371267607	-174.83856295292833
56243.0686640592	-43.08594992278568	-174.87615995076342
56656.309076335274	-43.21286982637354	-174.9134837978692
57072.585731874635	-43.33979336996293	-174.95053646327003
57491.92093917576	-43.46672050084842	-174.98731990213233
57914.337170646846	-43.59365116708494	-175.0238360558548
58339.85706380991	-43.720585317476825	-175.06008685215807
58768.5034225137	-43.84752290156702	-175.09607420517415
59200.29921815597	-43.97446386962655	-175.13180001553536
59635.267590914824	-44.10140817264416	-175.16726617046288
60073.431850988556	-44.22835576231601	-175.20247454385466
60514.815479844576	-44.35530659103541	-175.23742699637324
60959.44213147821	-44.48226061188293	-175.27212537553285
61407.33563368006	-44.60921777861651	-175.30657151578617
61858.519989313296	-44.73617804566186	-175.3407672386107
62313.01937759981	-44.86314136810275	-175.37471435259482
62770.85815541566	-44.99010770167156	-175.40841465352275
63232.06085859668	-45.11707700274001	-175.4418699244602
63696.652203253565	-45.24404922831006	-175.47508193583846
64164.657087096224	-45.37102433600482	-175.50805244553877
64636.10059076778	-45.49800228405951	-175.540783198976
65111.00797918905	-45.624983031312844	-175.57327592918173
65589.40470291222	-45.7519665371982	-175.60553235688738
66071.31639948518	-45.87895276173526	-175.63755419060624
66556.76889482516	-46.005941665521505	-175.66934312671557
67045.78820460255	-46.13293320972383	-175.7009008495382
67538.40053563529	-46.25992735607039	-175.7322290314232
68034.63228729359	-46.386924066842695	-175.7633293328269
68534.51005291447	-46.51392330486747	-175.79420340239284
69038.0606212266	-46.64092503350887	-175.8248528770314
69545.3109777863	-46.76792921666074	-175.8552793819992
70056.2883064235	-46.894935818739015	-175.88548453097795
70571.01999069893	-47.021944804674256	-175.91546992615272
71089.53361537131	-47.14895613990418	-175.94523715828996
71611.85696787541	-47.27596979036636	-175.97478780681504
72138.01803981142	-47.40298572249101	-176.00412343988918
72668.04502844533	-47.53000390319399	-176.0332456144862
73201.96633821982	-47.65702429986981	-176.06215587646864
73739.81058227607	-47.78404688038457	-176.09085576066354
74281.60658398754	-47.91107161306931	-176.11934679093773
74827.383378505	-48.038098466713365	-176.14763048027262
75377.17021431155	-48.16512741055759	-176.17570833083877
75930.99655479127	-48.292158414288046	-176.20358183406987
76488.89207980708	-48.41919144802943	-176.2312524707362
77050.88668729173	-48.54622648233878	-176.2587217110177
77617.01049485046	-48.67326348819937	-176.28599101457698
78187.29384137462	-48.80030243701448	-176.3130618306312
78761.76728866728	-48.92734330060125	-176.33993559802425
79340.46162308133	-49.05438605118482	-176.36661374529783
79923.40785716986	-49.18143066139252	-176.39309769076257
80510.63723134698	-49.30847710424785	-176.41938884256874
81102.18121556332	-49.43552535316503	-176.44548859877602
81698.0715109914	-49.562575381943134	-176.47139834742345
82298.34005172495	-49.68962716476062	-176.4971194665986
82903.01900649071	-49.816680676169945	-176.52265332450654
83512.14078037189	-49.943735891092096	-176.54800127953806
84125.7380165446	-50.07079278481122	-176.57316468033778
84743.8435980274	-50.19785133296939	-176.59814486587177
85366.490649444	-50.324911511561616	-176.62294316549475
85993.71253879799	-50.45197329693055	-176.64756089901667
86625.54287926074	-50.57903666576151	-176.67199937676918
87262.01553097328	-50.70610159507757	-176.6962598996716
87903.16460286049	-50.833168062234655	-176.7203437592963
88549.02445445959	-50.96023604491681	-176.7442522379339
89199.6296977611	-51.087305521131405	-176.7679866086579
89855.01519906343	-51.21437646920438	-176.7915481353891
90515.21608084162	-51.34144886777576	-176.81493807295925
91180.26772363004	-51.46852269579511	-176.83815766717478
91850.20576791803	-51.59559793251706	-176.86120815487968
92525.06611605959	-51.7226745574968	-176.88409076401834
93204.88493419786	-51.84975255058586	-176.90680671369768
93889.69865420304	-51.97683189192773	-176.9293572142491
94579.54397562523	-52.103912561953756	-176.95174346729002
95274.45786766088	-52.23099454137891	-176.97396666578493
95974.47757113361	-52.35807781119767	-176.9960279941059
96679.64060049031	-52.48516235267992	-177.01792862809327
97389.98474581195	-52.6122481473672	-177.03966973511527
98105.54807483844	-52.73933517706858	-177.06125247412763
98826.36893500823	-52.866423423856816	-177.08267799573275
99552.48595551403	-52.99351287006455	-177.10394744223842
100283.93804937252	-53.12060349828057	-177.12506194771635
101020.76441551035	-53.24769529134615	-177.14602263805995
101763.00454086442	-53.37478823235135	-177.16683063104205
102510.69820249763	-53.501882304631366	-177.18748703637223
103263.8854697309	-53.628977491762996	-177.2079929557536
104022.60670629097	-53.7560737775613	-177.22834948293925
104786.90257247312	-53.883171146076016	-177.24855770378852
105556.81402731969	-54.01026958158809	-177.26861869632268
106332.38233081577	-54.1373690686065	-177.2885335307803
107113.64904609992	-54.26446959186485	-177.30830326967234
107900.65604169221	-54.39157113631818	-177.32792896783675
108693.44549373754	-54.51867368713976	-177.3474116724928
109492.05988826544	-54.64577722971784	-177.366752423295
110296.54202346735	-54.7728817496526	-177.38595225238677
111106.93501199069	-54.89998723275314	-177.40501218445354
111923.28228324876	-55.02709366503442	-177.42393323677575
112745.62758574782	-55.154201032714184	-177.44271641928117
113574.0149894319	-55.281309322210106	-177.4613627345973
114408.48888804535	-55.40841852013699	-177.47987317810305
115249.09400151022	-55.535528613303676	-177.49824873798033
116095.87537832478	-55.66263958871052	-177.51649039526498
116948.87839797595	-55.789751433546364	-177.53459912389775
117808.14877337196	-55.916864135185904	-177.5525758907746
118673.73255329265	-56.043977681187094	-177.57042165579696
119545.6761248567	-56.1710920592884	-177.58813737192133
120424.02621600716	-56.29820725740612	-177.6057239852088
121308.82989801596	-56.42532326363189	-177.6231824348741
122200.13458800735	-56.552440066230226	-177.64051365333452
123097.98805149723	-56.6795576536358	-177.65771856625804
124002.43840495496	-56.80667601445124	-177.67479809261172
124913.53411838012	-56.93379513744447	-177.6917531447093
125831.32401790087	-57.06091501154638	-177.70858462825882
126755.85728839105	-57.18803562584856	-177.72529344240954
127687.18347610552	-57.31515696960095	-177.74188047979894
128625.35249133485	-57.442279032209356	-177.7583466265991
129570.41461108056	-57.56940180323339	-177.77469276256286
130522.42048175001	-57.696525272384235	-177.79091976106983
131481.42112187005	-57.82364942952239	-177.80702848917173
132447.46792482067	-57.95077426465546	-177.8230198076378
133420.61266158978	-58.07789976793609	-177.83889457099954
134400.90748354743	-58.20502592965986	-177.85465362759552
135388.40492524116	-58.33215274026322	-177.8702978196156
136383.157907211	-58.45928019032145	-177.88582798314482
137385.2197388248	-58.5864082705466	-177.9012449482073
138394.64412113582	-58.71353697178548	-177.9165495388095
139411.48514976105	-58.84066628501786	-177.93174257298347
140435.79731777974	-58.96779620135446	-177.94682486282937
141467.6355186531	-59.09492671203493	-177.96179721455835
142507.05504916684	-59.222057808426165	-177.97666042853444
143554.1116123942	-59.34918948202032	-177.9914152993167
144608.86132068175	-59.476321724433134	-178.0060626157007
145671.3606986561	-59.60345452740208	-178.02060316075995
146741.6666862523	-59.73058788278448	-178.03503771188696
147819.8366417661	-59.8577217825559	-178.04936704083394
148905.92834492816	-59.984856218808446	-178.06359191375336
150000.00000000003	-60.11199118374905	-178.0777130912381
