time	V(v1)
0.000000000000000e+00	0.000000e+00
9.999999960041972e-12	-2.700949e-05
1.999999992008394e-11	-5.401820e-05
1.000000000000000e-09	-2.700726e-03
6.261142894516174e-09	-2.684664e-03
1.152228578903235e-08	-2.661216e-03
1.678342868354852e-08	-2.630383e-03
2.204457157806469e-08	-2.592165e-03
2.730571447258087e-08	-2.546560e-03
3.256685736709705e-08	-2.493571e-03
3.782800026161321e-08	-2.433195e-03
8.118166390043856e-08	-1.945592e-03
1.117997846134077e-07	-1.628220e-03
1.650770539078940e-07	-1.180059e-03
2.324003231892800e-07	-7.825549e-04
3.484055842182297e-07	-3.734465e-04
4.720646121789005e-07	-1.490622e-04
6.304360276563015e-07	-3.097159e-05
8.166471531850808e-07	1.773039e-05
1.095990422627202e-06	3.577142e-05
3.196788044554617e-06	3.677129e-05
9.911073758840328e-06	-8.105013e-07
1.662535947312604e-05	-7.148794e-05
2.333964518741175e-05	-1.752610e-04
3.005393090169746e-05	-3.121298e-04
3.676821661598317e-05	-4.820942e-04
4.348250233026888e-05	-6.851542e-04
5.019678804455458e-05	-9.213099e-04
5.933964518741170e-05	-1.291473e-03
6.848250233026882e-05	-1.706200e-03
7.762535947312594e-05	-2.165488e-03
8.676821661598305e-05	-2.669339e-03
9.591107375884018e-05	-3.217752e-03
1.050539309016973e-04	-3.810728e-03
1.141967880445544e-04	-4.448267e-03
1.231967880445544e-04	-5.109949e-03
1.321967880445544e-04	-5.800025e-03
1.411967880445543e-04	-6.518496e-03
1.501967880445543e-04	-7.265361e-03
1.591967880445543e-04	-8.040620e-03
1.681967880445543e-04	-8.844274e-03
1.771967880445542e-04	-9.676321e-03
1.847682166159828e-04	-1.039201e-02
1.923396451874113e-04	-1.112035e-02
1.999110737588399e-04	-1.186135e-02
2.074825023302685e-04	-1.261500e-02
2.150539309016970e-04	-1.338130e-02
2.226253594731256e-04	-1.416026e-02
2.301967880445541e-04	-1.495187e-02
2.410539309016972e-04	-1.610573e-02
2.519110737588402e-04	-1.727267e-02
2.627682166159833e-04	-1.845269e-02
2.736253594731264e-04	-1.964578e-02
2.844825023302695e-04	-2.085195e-02
2.953396451874125e-04	-2.207119e-02
3.061967880445556e-04	-2.330351e-02
3.246253594731275e-04	-2.541699e-02
3.430539309016993e-04	-2.752817e-02
3.614825023302712e-04	-2.963706e-02
3.799110737588431e-04	-3.174364e-02
3.983396451874150e-04	-3.384793e-02
4.167682166159868e-04	-3.594991e-02
4.351967880445587e-04	-3.804960e-02
4.604825023302736e-04	-4.089556e-02
4.857682166159885e-04	-4.368023e-02
5.110539309017034e-04	-4.640361e-02
5.363396451874183e-04	-4.906570e-02
5.616253594731332e-04	-5.166649e-02
5.869110737588481e-04	-5.420598e-02
6.121967880445629e-04	-5.668419e-02
6.450539309017067e-04	-5.977552e-02
6.779110737588503e-04	-6.273193e-02
7.107682166159939e-04	-6.555343e-02
7.436253594731376e-04	-6.824002e-02
7.764825023302813e-04	-7.079169e-02
8.093396451874249e-04	-7.320845e-02
8.421967880445685e-04	-7.549029e-02
8.639110737588545e-04	-7.692480e-02
8.856253594731405e-04	-7.830643e-02
9.073396451874264e-04	-7.963521e-02
9.290539309017124e-04	-8.091111e-02
9.507682166159984e-04	-8.213415e-02
9.724825023302843e-04	-8.330432e-02
9.941967880445703e-04	-8.442162e-02
9.951967880445702e-04	-8.447205e-02
1.061768216615993e-03	-8.750847e-02
1.128339645187416e-03	-9.022865e-02
1.194911073758839e-03	-9.263261e-02
1.261482502330262e-03	-9.472033e-02
1.328053930901685e-03	-9.649181e-02
1.394625359473108e-03	-9.794707e-02
1.461196788044531e-03	-9.908609e-02
1.508911073758813e-03	-9.982519e-02
1.556625359473094e-03	-1.004947e-01
1.604339645187376e-03	-1.010945e-01
1.652053930901658e-03	-1.016247e-01
1.699768216615940e-03	-1.020853e-01
1.747482502330221e-03	-1.024762e-01
1.795196788044503e-03	-1.027976e-01
1.827053930901645e-03	-1.029957e-01
1.858911073758787e-03	-1.031787e-01
1.890768216615930e-03	-1.033465e-01
1.922625359473072e-03	-1.034991e-01
1.954482502330214e-03	-1.036365e-01
1.986339645187356e-03	-1.037588e-01
2.018196788044498e-03	-1.038659e-01
2.019196788044499e-03	-1.038691e-01
2.063196788044504e-03	-1.039982e-01
2.107196788044510e-03	-1.041137e-01
2.151196788044516e-03	-1.042155e-01
2.195196788044522e-03	-1.043037e-01
2.239196788044528e-03	-1.043783e-01
2.283196788044534e-03	-1.044392e-01
2.327196788044539e-03	-1.044865e-01
2.377482502330260e-03	-1.045325e-01
2.427768216615982e-03	-1.045724e-01
2.478053930901703e-03	-1.046061e-01
2.528339645187424e-03	-1.046337e-01
2.578625359473144e-03	-1.046551e-01
2.628911073758865e-03	-1.046704e-01
2.679196788044586e-03	-1.046796e-01
2.731053930901736e-03	-1.046873e-01
2.782911073758886e-03	-1.046935e-01
2.834768216616036e-03	-1.046981e-01
2.886625359473185e-03	-1.047012e-01
2.938482502330335e-03	-1.047026e-01
2.990339645187485e-03	-1.047024e-01
3.042196788044634e-03	-1.047006e-01
3.043196788044635e-03	-1.047006e-01
3.151625359473220e-03	-1.046959e-01
3.260053930901806e-03	-1.046914e-01
3.368482502330392e-03	-1.046869e-01
3.476911073758978e-03	-1.046826e-01
3.585339645187564e-03	-1.046784e-01
3.693768216616150e-03	-1.046743e-01
3.802196788044735e-03	-1.046704e-01
4.067196788044770e-03	-1.046646e-01
5.091196788044906e-03	-1.046586e-01
6.115196788045042e-03	-1.046584e-01
7.139196788045178e-03	-1.046584e-01
8.163196788045010e-03	-1.046584e-01
9.187196788044258e-03	-1.046584e-01
1.021119678804351e-02	-1.046584e-01
1.123519678804275e-02	-1.046584e-01
1.225919678804200e-02	-1.046584e-01
1.328319678804125e-02	-1.046584e-01
1.430719678804050e-02	-1.046584e-01
1.533119678803974e-02	-1.046584e-01
1.635519678804026e-02	-1.046584e-01
1.737919678804128e-02	-1.046584e-01
1.840319678804231e-02	-1.046584e-01
1.942719678804333e-02	-1.046584e-01
2.045119678804436e-02	-1.046584e-01
2.147519678804538e-02	-1.046584e-01
2.249919678804640e-02	-1.046584e-01
2.352319678804743e-02	-1.046584e-01
2.454719678804845e-02	-1.046584e-01
2.557119678804948e-02	-1.046584e-01
2.659519678805050e-02	-1.046584e-01
2.761919678805153e-02	-1.046584e-01
2.864319678805255e-02	-1.046584e-01
2.966719678805357e-02	-1.046584e-01
3.069119678805460e-02	-1.046584e-01
3.171519678805562e-02	-1.046584e-01
3.273919678805665e-02	-1.046584e-01
3.376319678805767e-02	-1.046584e-01
3.478719678805869e-02	-1.046584e-01
3.581119678805972e-02	-1.046584e-01
3.683519678806074e-02	-1.046584e-01
3.785919678806177e-02	-1.046584e-01
3.888319678806279e-02	-1.046584e-01
3.990719678806381e-02	-1.046584e-01
4.093119678806484e-02	-1.046584e-01
4.195519678806586e-02	-1.046584e-01
4.297919678806689e-02	-1.046584e-01
4.400319678806791e-02	-1.046584e-01
4.502719678806893e-02	-1.046584e-01
4.605119678806996e-02	-1.046584e-01
4.707519678807098e-02	-1.046584e-01
4.809919678807201e-02	-1.046584e-01
4.912319678807303e-02	-1.046584e-01
4.990000000000000e-02	-1.046584e-01
4.990000100000000e-02	-1.037581e-01
4.990000104000000e-02	-1.019574e-01
4.990000112000000e-02	-1.010571e-01
4.990000694857141e-02	-1.010804e-01
4.990001277714282e-02	-1.011150e-01
4.990001860571422e-02	-1.011609e-01
4.990002443428562e-02	-1.012182e-01
4.990003026285703e-02	-1.012868e-01
4.990003609142844e-02	-1.013668e-01
4.990004191999984e-02	-1.014580e-01
4.990009524057529e-02	-1.022397e-01
4.990012979758999e-02	-1.026843e-01
4.990018078144544e-02	-1.031979e-01
4.990025677265569e-02	-1.037064e-01
4.990040875507618e-02	-1.042420e-01
4.990062699101482e-02	-1.045556e-01
4.990083573834440e-02	-1.046381e-01
4.990115578265810e-02	-1.046571e-01
4.991264467589594e-02	-1.045538e-01
4.992413356913379e-02	-1.043309e-01
4.993562246237163e-02	-1.039886e-01
4.994711135560948e-02	-1.035267e-01
4.995860024884732e-02	-1.029453e-01
4.997008914208517e-02	-1.022443e-01
4.998157803532301e-02	-1.014238e-01
4.999257803532303e-02	-1.005561e-01
5.000357803532304e-02	-9.962089e-02
5.001457803532305e-02	-9.861812e-02
5.002557803532306e-02	-9.754783e-02
5.003657803532307e-02	-9.640999e-02
5.004757803532308e-02	-9.520463e-02
5.005857803532309e-02	-9.393173e-02
5.006157803532309e-02	-9.357861e-02
5.006457803532310e-02	-9.322197e-02
5.006757803532310e-02	-9.286181e-02
5.007057803532310e-02	-9.249814e-02
5.007357803532311e-02	-9.213095e-02
5.007657803532311e-02	-9.176024e-02
5.007957803532311e-02	-9.138601e-02
5.008057803532311e-02	-9.126060e-02
5.008757803532312e-02	-9.037072e-02
5.009457803532313e-02	-8.946663e-02
5.010157803532313e-02	-8.854831e-02
5.010857803532314e-02	-8.761578e-02
5.011557803532315e-02	-8.666904e-02
5.012257803532316e-02	-8.570808e-02
5.012957803532316e-02	-8.473291e-02
5.013986374960889e-02	-8.327759e-02
5.015014946389461e-02	-8.180612e-02
5.016043517818033e-02	-8.031851e-02
5.017072089246606e-02	-7.881476e-02
5.018100660675179e-02	-7.729486e-02
5.019129232103751e-02	-7.575882e-02
5.020157803532323e-02	-7.420663e-02
5.021957803532325e-02	-7.146019e-02
5.023757803532327e-02	-6.871439e-02
5.025557803532329e-02	-6.596924e-02
5.027357803532331e-02	-6.322473e-02
5.029157803532332e-02	-6.048088e-02
5.030957803532334e-02	-5.773766e-02
5.032757803532336e-02	-5.499510e-02
5.033714946389480e-02	-5.355303e-02
5.034672089246624e-02	-5.211961e-02
5.035629232103767e-02	-5.069485e-02
5.036586374960911e-02	-4.927875e-02
5.037543517818055e-02	-4.787130e-02
5.038500660675199e-02	-4.647251e-02
5.039457803532343e-02	-4.508237e-02
5.040872089246630e-02	-4.304717e-02
5.042286374960917e-02	-4.103962e-02
5.043700660675204e-02	-3.905971e-02
5.045114946389491e-02	-3.710745e-02
5.046529232103778e-02	-3.518283e-02
5.047943517818065e-02	-3.328586e-02
5.049357803532353e-02	-3.141654e-02
5.051886374960927e-02	-2.815297e-02
5.054414946389500e-02	-2.499550e-02
5.056943517818074e-02	-2.194411e-02
5.059472089246649e-02	-1.899881e-02
5.062000660675223e-02	-1.615960e-02
5.064529232103796e-02	-1.342648e-02
5.067057803532370e-02	-1.079944e-02
5.069243517818087e-02	-8.619135e-03
5.071429232103803e-02	-6.514972e-03
5.073614946389519e-02	-4.486952e-03
5.075800660675236e-02	-2.535074e-03
5.077986374960953e-02	-6.593384e-04
5.080172089246669e-02	1.140255e-03
5.082357803532386e-02	2.863705e-03
5.085700660675246e-02	5.350851e-03
5.089043517818106e-02	7.694606e-03
5.092386374960967e-02	9.894972e-03
5.095729232103827e-02	1.195195e-02
5.099072089246688e-02	1.386554e-02
5.102414946389548e-02	1.563573e-02
5.105757803532409e-02	1.726254e-02
5.110457803532414e-02	1.937325e-02
5.115729232103847e-02	2.142836e-02
5.121000660675282e-02	2.329034e-02
5.126272089246715e-02	2.495920e-02
5.131543517818149e-02	2.643493e-02
5.136814946389583e-02	2.771754e-02
5.142086374961017e-02	2.880702e-02
5.147357803532451e-02	2.970337e-02
5.151786374961027e-02	3.038195e-02
5.156214946389602e-02	3.099803e-02
5.160643517818178e-02	3.155162e-02
5.165072089246754e-02	3.204273e-02
5.169500660675330e-02	3.247133e-02
5.173929232103906e-02	3.283745e-02
5.178357803532482e-02	3.314108e-02
5.182486374961057e-02	3.339477e-02
5.186614946389632e-02	3.362407e-02
5.190743517818208e-02	3.382897e-02
5.194872089246784e-02	3.400947e-02
5.199000660675360e-02	3.416557e-02
5.203129232103935e-02	3.429728e-02
5.207257803532511e-02	3.440459e-02
5.212857803532516e-02	3.453457e-02
5.217257803532521e-02	3.461575e-02
5.221657803532525e-02	3.468754e-02
5.226057803532529e-02	3.474995e-02
5.230457803532534e-02	3.480298e-02
5.234857803532538e-02	3.484663e-02
5.239257803532543e-02	3.488089e-02
5.243657803532547e-02	3.490578e-02
5.249014946389695e-02	3.493041e-02
5.254372089246843e-02	3.495097e-02
5.259729232103991e-02	3.496746e-02
5.265086374961140e-02	3.497987e-02
5.270443517818288e-02	3.498821e-02
5.275800660675437e-02	3.499247e-02
5.281157803532584e-02	3.499266e-02
5.286014946389732e-02	3.499269e-02
5.290872089246880e-02	3.499216e-02
5.295729232104027e-02	3.499107e-02
5.300586374961175e-02	3.498940e-02
5.305443517818323e-02	3.498717e-02
5.310300660675471e-02	3.498438e-02
5.315157803532618e-02	3.498102e-02
5.315257803532619e-02	3.498096e-02
5.329543517818347e-02	3.497164e-02
5.343829232104075e-02	3.496351e-02
5.358114946389804e-02	3.495654e-02
5.372400660675533e-02	3.495075e-02
5.386686374961262e-02	3.494614e-02
5.400972089246990e-02	3.494270e-02
5.415257803532719e-02	3.494044e-02
5.417657803532721e-02	3.494010e-02
5.520057803532823e-02	3.493553e-02
5.622457803532926e-02	3.493543e-02
5.724857803533028e-02	3.493544e-02
5.827257803533131e-02	3.493544e-02
5.929657803533233e-02	3.493544e-02
6.032057803533335e-02	3.493544e-02
6.134457803533438e-02	3.493544e-02
6.236857803533540e-02	3.493544e-02
6.339257803533642e-02	3.493544e-02
6.441657803533744e-02	3.493544e-02
6.544057803533847e-02	3.493544e-02
6.646457803533949e-02	3.493544e-02
6.748857803534052e-02	3.493544e-02
6.851257803534154e-02	3.493544e-02
6.953657803534256e-02	3.493544e-02
7.056057803534359e-02	3.493544e-02
7.158457803534461e-02	3.493544e-02
7.260857803534564e-02	3.493544e-02
7.363257803534666e-02	3.493544e-02
7.465657803534768e-02	3.493544e-02
7.568057803534871e-02	3.493544e-02
7.670457803534973e-02	3.493544e-02
7.772857803535076e-02	3.493544e-02
7.875257803535178e-02	3.493544e-02
7.977657803535280e-02	3.493544e-02
8.080057803535383e-02	3.493544e-02
8.182457803535485e-02	3.493544e-02
8.284857803535588e-02	3.493544e-02
8.387257803535690e-02	3.493544e-02
8.489657803535793e-02	3.493544e-02
8.592057803535895e-02	3.493544e-02
8.694457803535997e-02	3.493544e-02
8.796857803536100e-02	3.493544e-02
8.899257803536202e-02	3.493544e-02
9.001657803536305e-02	3.493544e-02
9.104057803536407e-02	3.493544e-02
9.206457803536509e-02	3.493544e-02
9.308857803536612e-02	3.493544e-02
9.411257803536714e-02	3.493544e-02
9.513657803536817e-02	3.493544e-02
9.616057803536919e-02	3.493544e-02
9.718457803537021e-02	3.493544e-02
9.820857803537124e-02	3.493544e-02
9.923257803537226e-02	3.493544e-02
9.980000000000000e-02	3.493544e-02
9.980000100000000e-02	3.403514e-02
9.980000104000000e-02	3.343491e-02
9.980000112000001e-02	3.313480e-02
9.980000694857151e-02	3.314661e-02
9.980001277714302e-02	3.316412e-02
9.980001860571452e-02	3.318731e-02
9.980002443428604e-02	3.321619e-02
9.980003026285754e-02	3.325077e-02
9.980003609142905e-02	3.329103e-02
9.980004192000055e-02	3.333699e-02
9.980011129240182e-02	3.383057e-02
9.980016223708740e-02	3.411786e-02
9.980023142304266e-02	3.438452e-02
9.980036979495319e-02	3.466948e-02
9.980061611984652e-02	3.487256e-02
9.980087412996386e-02	3.492782e-02
9.981487384187589e-02	3.485530e-02
9.982887355378793e-02	3.469742e-02
9.984287326569996e-02	3.445420e-02
9.985687297761199e-02	3.412561e-02
9.987087268952402e-02	3.371167e-02
9.988487240143606e-02	3.321238e-02
9.989887211334809e-02	3.262773e-02
9.990930068477667e-02	3.215952e-02
9.991972925620526e-02	3.166397e-02
9.993015782763384e-02	3.114109e-02
9.994058639906242e-02	3.059088e-02
9.995101497049100e-02	3.001333e-02
9.996144354191959e-02	2.940845e-02
9.997187211334817e-02	2.877624e-02
9.997944354191961e-02	2.830617e-02
9.998701497049103e-02	2.782727e-02
9.999458639906247e-02	2.733954e-02
1.000021578276339e-01	2.684299e-02
1.000097292562054e-01	2.633761e-02
1.000173006847768e-01	2.582341e-02
1.000248721133482e-01	2.530037e-02
1.000354435419197e-01	2.455765e-02
1.000460149704911e-01	2.380599e-02
1.000565863990625e-01	2.304538e-02
1.000671578276340e-01	2.227582e-02
1.000777292562054e-01	2.149733e-02
1.000883006847769e-01	2.070988e-02
1.000988721133483e-01	1.991349e-02
1.001110149704912e-01	1.899274e-02
1.001231578276340e-01	1.807001e-02
1.001353006847769e-01	1.714531e-02
1.001474435419198e-01	1.621864e-02
1.001595863990626e-01	1.529000e-02
1.001717292562055e-01	1.435939e-02
1.001838721133484e-01	1.342681e-02
1.002018721133484e-01	1.205272e-02
1.002245863990627e-01	1.031992e-02
1.002473006847770e-01	8.614384e-03
1.002700149704913e-01	6.936119e-03
1.002927292562056e-01	5.285121e-03
1.003154435419199e-01	3.661392e-03
1.003381578276343e-01	2.064931e-03
1.003608721133486e-01	4.957375e-04
1.003920149704914e-01	-1.587393e-03
1.004231578276343e-01	-3.590847e-03
1.004543006847772e-01	-5.514624e-03
1.004854435419201e-01	-7.358725e-03
1.005165863990630e-01	-9.123149e-03
1.005477292562059e-01	-1.080790e-02
1.005788721133488e-01	-1.241297e-02
1.006198721133488e-01	-1.438747e-02
1.006608721133489e-01	-1.623734e-02
1.007018721133489e-01	-1.796257e-02
1.007428721133489e-01	-1.956317e-02
1.007838721133490e-01	-2.103914e-02
1.008248721133490e-01	-2.239047e-02
1.008658721133491e-01	-2.361717e-02
1.009171578276348e-01	-2.499432e-02
1.009684435419206e-01	-2.625059e-02
1.010197292562064e-01	-2.738597e-02
1.010710149704921e-01	-2.840047e-02
1.011223006847779e-01	-2.929408e-02
1.011735863990637e-01	-3.006681e-02
1.012248721133494e-01	-3.071866e-02
1.012258721133494e-01	-3.073104e-02
1.012761578276352e-01	-3.129749e-02
1.013264435419210e-01	-3.180903e-02
1.013767292562067e-01	-3.226566e-02
1.014270149704925e-01	-3.266739e-02
1.014773006847782e-01	-3.301421e-02
1.015275863990640e-01	-3.330611e-02
1.015778721133498e-01	-3.354312e-02
1.016240149704927e-01	-3.373729e-02
1.016701578276356e-01	-3.391189e-02
1.017163006847785e-01	-3.406692e-02
1.017624435419214e-01	-3.420237e-02
1.018085863990643e-01	-3.431826e-02
1.018547292562072e-01	-3.441457e-02
1.019008721133501e-01	-3.449132e-02
1.019505863990644e-01	-3.456320e-02
1.020003006847788e-01	-3.462656e-02
1.020500149704931e-01	-3.468140e-02
1.020997292562074e-01	-3.472771e-02
1.021494435419218e-01	-3.476551e-02
1.021991578276361e-01	-3.479478e-02
1.022488721133504e-01	-3.481553e-02
1.022498721133504e-01	-3.481596e-02
1.023138721133505e-01	-3.483735e-02
1.023778721133506e-01	-3.485514e-02
1.024418721133506e-01	-3.486931e-02
1.025058721133507e-01	-3.487988e-02
1.025698721133508e-01	-3.488683e-02
1.026338721133508e-01	-3.489017e-02
1.026978721133509e-01	-3.488991e-02
1.027800149704938e-01	-3.488945e-02
1.028621578276368e-01	-3.488854e-02
1.029443006847797e-01	-3.488720e-02
1.030264435419227e-01	-3.488541e-02
1.031085863990656e-01	-3.488318e-02
1.031907292562085e-01	-3.488052e-02
1.032728721133515e-01	-3.487740e-02
1.032738721133515e-01	-3.487737e-02
1.042978721133525e-01	-3.486269e-02
1.053218721133535e-01	-3.486149e-02
1.063458721133545e-01	-3.486148e-02
1.073698721133556e-01	-3.486149e-02
1.083938721133566e-01	-3.486149e-02
1.094178721133576e-01	-3.486149e-02
1.104418721133586e-01	-3.486149e-02
1.114658721133597e-01	-3.486149e-02
1.124898721133607e-01	-3.486149e-02
1.135138721133617e-01	-3.486149e-02
1.145378721133627e-01	-3.486149e-02
1.155618721133638e-01	-3.486149e-02
1.165858721133648e-01	-3.486149e-02
1.176098721133658e-01	-3.486149e-02
1.186338721133668e-01	-3.486149e-02
1.196578721133679e-01	-3.486149e-02
1.206818721133689e-01	-3.486149e-02
1.217058721133699e-01	-3.486149e-02
1.227298721133709e-01	-3.486149e-02
1.237538721133720e-01	-3.486149e-02
1.247778721133730e-01	-3.486149e-02
1.258018721133740e-01	-3.486149e-02
1.268258721133750e-01	-3.486149e-02
1.278498721133760e-01	-3.486149e-02
1.288738721133771e-01	-3.486149e-02
1.298978721133781e-01	-3.486149e-02
1.309218721133791e-01	-3.486149e-02
1.319458721133801e-01	-3.486149e-02
1.329698721133812e-01	-3.486149e-02
1.339938721133822e-01	-3.486149e-02
1.350178721133832e-01	-3.486149e-02
1.360418721133842e-01	-3.486149e-02
1.370658721133853e-01	-3.486149e-02
1.380898721133863e-01	-3.486149e-02
1.391138721133873e-01	-3.486149e-02
1.401378721133883e-01	-3.486149e-02
1.411618721133893e-01	-3.486149e-02
1.421858721133904e-01	-3.486149e-02
1.432098721133914e-01	-3.486149e-02
1.442338721133924e-01	-3.486149e-02
1.452578721133934e-01	-3.486149e-02
1.462818721133945e-01	-3.486149e-02
1.473058721133955e-01	-3.486149e-02
1.483298721133965e-01	-3.486149e-02
1.493538721133975e-01	-3.486149e-02
1.497000000000000e-01	-3.486149e-02
1.497000010000000e-01	-3.441133e-02
1.497000010800000e-01	-3.377510e-02
1.497000012400000e-01	-3.340298e-02
1.497000020000000e-01	-3.306103e-02
1.497000113531428e-01	-3.309052e-02
1.497000207062857e-01	-3.312858e-02
1.497000300594286e-01	-3.317523e-02
1.497000394125714e-01	-3.323046e-02
1.497000487657142e-01	-3.329428e-02
1.497000581188571e-01	-3.336668e-02
1.497000674720000e-01	-3.344767e-02
1.497001003422795e-01	-3.368190e-02
1.497001487843088e-01	-3.397542e-02
1.497002079604546e-01	-3.423266e-02
1.497003263127463e-01	-3.452321e-02
1.497005630173296e-01	-3.477327e-02
1.497008071404788e-01	-3.484847e-02
1.497016883189892e-01	-3.486219e-02
1.497146883189892e-01	-3.479101e-02
1.497276883189892e-01	-3.464594e-02
1.497406883189893e-01	-3.442697e-02
1.497536883189893e-01	-3.413412e-02
1.497666883189893e-01	-3.376736e-02
1.497796883189893e-01	-3.332672e-02
1.497926883189893e-01	-3.281218e-02
1.498036883189893e-01	-3.233802e-02
1.498146883189893e-01	-3.183255e-02
1.498256883189893e-01	-3.129576e-02
1.498366883189894e-01	-3.072766e-02
1.498476883189894e-01	-3.012824e-02
1.498586883189894e-01	-2.949750e-02
1.498696883189894e-01	-2.883545e-02
1.498771168904180e-01	-2.837742e-02
1.498845454618465e-01	-2.791070e-02
1.498919740332751e-01	-2.743528e-02
1.498994026047037e-01	-2.695116e-02
1.499068311761323e-01	-2.645835e-02
1.499142597475609e-01	-2.595684e-02
1.499216883189894e-01	-2.544664e-02
1.499315454618466e-01	-2.475845e-02
1.499414026047038e-01	-2.406193e-02
1.499512597475609e-01	-2.335708e-02
1.499611168904181e-01	-2.264389e-02
1.499709740332752e-01	-2.192236e-02
1.499808311761324e-01	-2.119251e-02
1.499906883189895e-01	-2.045431e-02
1.500041168904181e-01	-1.943959e-02
1.500175454618467e-01	-1.842197e-02
1.500309740332753e-01	-1.740146e-02
1.500444026047039e-01	-1.637805e-02
1.500578311761324e-01	-1.535175e-02
1.500712597475610e-01	-1.432255e-02
1.500846883189896e-01	-1.329045e-02
1.501066883189896e-01	-1.160235e-02
1.501286883189897e-01	-9.936719e-03
1.501506883189897e-01	-8.293566e-03
1.501726883189897e-01	-6.672889e-03
1.501946883189897e-01	-5.074689e-03
1.502166883189897e-01	-3.498965e-03
1.502386883189898e-01	-1.945717e-03
1.502514026047041e-01	-1.067320e-03
1.502641168904184e-01	-2.011411e-04
1.502768311761327e-01	6.528201e-04
1.502895454618469e-01	1.494564e-03
1.503022597475613e-01	2.324090e-03
1.503149740332755e-01	3.141398e-03
1.503276883189898e-01	3.946489e-03
1.503286883189899e-01	4.009208e-03
1.503625454618470e-01	6.084285e-03
1.503964026047042e-01	8.064047e-03
1.504302597475614e-01	9.948494e-03
1.504641168904186e-01	1.173763e-02
1.504979740332757e-01	1.343144e-02
1.505318311761329e-01	1.502995e-02
1.505656883189901e-01	1.653314e-02
1.506128311761330e-01	1.845645e-02
1.506599740332759e-01	2.023533e-02
1.507071168904188e-01	2.186979e-02
1.507542597475617e-01	2.335982e-02
1.508014026047046e-01	2.470542e-02
1.508485454618475e-01	2.590660e-02
1.508956883189904e-01	2.696336e-02
1.509555454618476e-01	2.813714e-02
1.510154026047048e-01	2.919017e-02
1.510752597475620e-01	3.012245e-02
1.511351168904192e-01	3.093399e-02
1.511949740332764e-01	3.162477e-02
1.512548311761336e-01	3.219481e-02
1.513146883189908e-01	3.264409e-02
1.513526883189909e-01	3.291286e-02
1.513992597475624e-01	3.319636e-02
1.514458311761338e-01	3.345214e-02
1.514924026047053e-01	3.368019e-02
1.515389740332768e-01	3.388053e-02
1.515855454618482e-01	3.405314e-02
1.516321168904197e-01	3.419804e-02
1.516786883189912e-01	3.431521e-02
1.517264026047055e-01	3.442083e-02
1.517741168904199e-01	3.451482e-02
1.518218311761342e-01	3.459717e-02
1.518695454618485e-01	3.466790e-02
1.519172597475629e-01	3.472699e-02
1.519649740332772e-01	3.477445e-02
1.520126883189915e-01	3.481028e-02
1.520645454618487e-01	3.484361e-02
1.521164026047059e-01	3.487243e-02
1.521682597475631e-01	3.489676e-02
1.522201168904203e-01	3.491659e-02
1.522719740332775e-01	3.493192e-02
1.523238311761347e-01	3.494275e-02
1.523756883189919e-01	3.494909e-02
1.523766883189919e-01	3.494922e-02
1.524558311761348e-01	3.495571e-02
1.525349740332778e-01	3.496049e-02
1.526141168904207e-01	3.496357e-02
1.526932597475636e-01	3.496495e-02
1.527724026047066e-01	3.496463e-02
1.528515454618495e-01	3.496260e-02
1.529306883189925e-01	3.495887e-02
1.534006883189929e-01	3.494548e-02
1.544246883189939e-01	3.493601e-02
1.554486883189950e-01	3.493543e-02
1.564726883189960e-01	3.493544e-02
1.574966883189970e-01	3.493544e-02
1.585206883189980e-01	3.493544e-02
1.595446883189991e-01	3.493544e-02
1.605686883190001e-01	3.493544e-02
1.615926883190011e-01	3.493544e-02
1.626166883190021e-01	3.493544e-02
1.636406883190032e-01	3.493544e-02
1.646646883190042e-01	3.493544e-02
1.656886883190052e-01	3.493544e-02
1.667126883190062e-01	3.493544e-02
1.677366883190073e-01	3.493544e-02
1.687606883190083e-01	3.493544e-02
1.697846883190093e-01	3.493544e-02
1.708086883190103e-01	3.493544e-02
1.718326883190114e-01	3.493544e-02
1.728566883190124e-01	3.493544e-02
1.738806883190134e-01	3.493544e-02
1.749046883190144e-01	3.493544e-02
1.759286883190155e-01	3.493544e-02
1.769526883190165e-01	3.493544e-02
1.779766883190175e-01	3.493544e-02
1.790006883190185e-01	3.493544e-02
1.800246883190195e-01	3.493544e-02
1.810486883190206e-01	3.493544e-02
1.820726883190216e-01	3.493544e-02
1.830966883190226e-01	3.493544e-02
1.841206883190236e-01	3.493544e-02
1.851446883190247e-01	3.493544e-02
1.861686883190257e-01	3.493544e-02
1.871926883190267e-01	3.493544e-02
1.882166883190277e-01	3.493544e-02
1.892406883190288e-01	3.493544e-02
1.902646883190298e-01	3.493544e-02
1.912886883190308e-01	3.493544e-02
1.923126883190318e-01	3.493544e-02
1.933366883190329e-01	3.493544e-02
1.943606883190339e-01	3.493544e-02
1.953846883190349e-01	3.493544e-02
1.964086883190359e-01	3.493544e-02
1.974326883190370e-01	3.493544e-02
1.984566883190380e-01	3.493544e-02
1.994806883190390e-01	3.493544e-02
1.996000000000000e-01	3.493544e-02
1.996000020000000e-01	3.673585e-02
1.996000021000000e-01	3.622561e-02
1.996000023000000e-01	3.610547e-02
1.996000030000000e-01	3.673533e-02
1.996000088400000e-01	3.672113e-02
1.996000146800000e-01	3.670158e-02
1.996000205200000e-01	3.667668e-02
1.996000263600000e-01	3.664644e-02
1.996000322000000e-01	3.661086e-02
1.996000380400000e-01	3.656993e-02
1.996000438800000e-01	3.652366e-02
1.996000785948877e-01	3.626955e-02
1.996001146221333e-01	3.602219e-02
1.996001670554325e-01	3.573238e-02
1.996002379830147e-01	3.546725e-02
1.996003798381791e-01	3.518735e-02
1.996006280337060e-01	3.499394e-02
1.996008896630701e-01	3.494220e-02
1.996067505589423e-01	3.495196e-02
1.996126114548145e-01	3.497979e-02
1.996184723506868e-01	3.502571e-02
1.996243332465590e-01	3.508971e-02
1.996301941424312e-01	3.517179e-02
1.996360550383035e-01	3.527195e-02
1.996419159341757e-01	3.539019e-02
1.996557730770328e-01	3.573822e-02
1.996696302198900e-01	3.615126e-02
1.996834873627472e-01	3.662929e-02
1.996973445056043e-01	3.717233e-02
1.997112016484615e-01	3.778036e-02
1.997250587913186e-01	3.845340e-02
1.997389159341758e-01	3.919144e-02
1.997460587913187e-01	3.958490e-02
1.997532016484615e-01	3.998875e-02
1.997603445056044e-01	4.040299e-02
1.997674873627472e-01	4.082763e-02
1.997746302198901e-01	4.126266e-02
1.997817730770330e-01	4.170809e-02
1.997889159341758e-01	4.216391e-02
1.997999159341758e-01	4.288419e-02
1.998109159341759e-01	4.361871e-02
1.998219159341759e-01	4.436749e-02
1.998329159341759e-01	4.513052e-02
1.998439159341759e-01	4.590780e-02
1.998549159341759e-01	4.669933e-02
1.998659159341759e-01	4.750512e-02
1.998816302198902e-01	4.867392e-02
1.998973445056045e-01	4.984979e-02
1.999130587913188e-01	5.103273e-02
1.999287730770331e-01	5.222272e-02
1.999444873627474e-01	5.341979e-02
1.999602016484617e-01	5.462392e-02
1.999759159341760e-01	5.583511e-02
1.999986302198903e-01	5.758246e-02
2.000213445056046e-01	5.930705e-02
2.000440587913190e-01	6.100888e-02
2.000667730770332e-01	6.268796e-02
2.000894873627476e-01	6.434428e-02
2.001122016484619e-01	6.597784e-02
2.001349159341762e-01	6.758865e-02
2.001649159341762e-01	6.965498e-02
2.001949159341762e-01	7.164890e-02
2.002249159341763e-01	7.357041e-02
2.002549159341763e-01	7.541951e-02
2.002849159341763e-01	7.719621e-02
2.003149159341764e-01	7.890049e-02
2.003449159341764e-01	8.053237e-02
2.003604873627478e-01	8.134715e-02
2.003760587913193e-01	8.214198e-02
2.003916302198907e-01	8.291687e-02
2.004072016484622e-01	8.367182e-02
2.004227730770336e-01	8.440682e-02
2.004383445056050e-01	8.512188e-02
2.004539159341765e-01	8.581700e-02
2.004549159341765e-01	8.586101e-02
2.005010587913194e-01	8.778499e-02
2.005472016484623e-01	8.956790e-02
2.005933445056052e-01	9.120976e-02
2.006394873627481e-01	9.271054e-02
2.006856302198910e-01	9.407027e-02
2.007317730770339e-01	9.528893e-02
2.007779159341768e-01	9.636653e-02
2.008382016484626e-01	9.759832e-02
2.008984873627484e-01	9.870342e-02
2.009587730770341e-01	9.968183e-02
2.010190587913199e-01	1.005335e-01
2.010793445056057e-01	1.012586e-01
2.011396302198915e-01	1.018569e-01
2.011999159341772e-01	1.023286e-01
2.012396302198916e-01	1.026143e-01
2.012793445056059e-01	1.028757e-01
2.013190587913202e-01	1.031126e-01
2.013587730770345e-01	1.033251e-01
2.013984873627489e-01	1.035131e-01
2.014382016484632e-01	1.036767e-01
2.014779159341775e-01	1.038159e-01
2.014789159341775e-01	1.038194e-01
2.015256302198919e-01	1.039628e-01
2.015723445056062e-01	1.040911e-01
2.016190587913205e-01	1.042045e-01
2.016657730770348e-01	1.043027e-01
2.017124873627492e-01	1.043859e-01
2.017592016484635e-01	1.044541e-01
2.018059159341778e-01	1.045072e-01
2.018589159341779e-01	1.045588e-01
2.019119159341780e-01	1.046037e-01
2.019649159341780e-01	1.046419e-01
2.020179159341781e-01	1.046734e-01
2.020709159341781e-01	1.046983e-01
2.021239159341782e-01	1.047165e-01
2.021769159341782e-01	1.047280e-01
2.022233445056068e-01	1.047370e-01
2.022697730770354e-01	1.047445e-01
2.023162016484641e-01	1.047506e-01
2.023626302198927e-01	1.047553e-01
2.024090587913213e-01	1.047586e-01
2.024554873627499e-01	1.047604e-01
2.025019159341785e-01	1.047608e-01
2.025029159341785e-01	1.047609e-01
2.026084873627501e-01	1.047596e-01
2.027140587913216e-01	1.047579e-01
2.028196302198932e-01	1.047559e-01
2.029252016484647e-01	1.047534e-01
2.030307730770362e-01	1.047506e-01
2.031363445056077e-01	1.047474e-01
2.032419159341793e-01	1.047438e-01
2.035269159341796e-01	1.047383e-01
2.045509159341806e-01	1.047326e-01
2.055749159341816e-01	1.047324e-01
2.065989159341826e-01	1.047324e-01
2.076229159341837e-01	1.047324e-01
2.086469159341847e-01	1.047324e-01
2.096709159341857e-01	1.047324e-01
2.106949159341867e-01	1.047324e-01
2.117189159341878e-01	1.047324e-01
2.127429159341888e-01	1.047324e-01
2.137669159341898e-01	1.047324e-01
2.147909159341908e-01	1.047324e-01
2.158149159341919e-01	1.047324e-01
2.168389159341929e-01	1.047324e-01
2.178629159341939e-01	1.047324e-01
2.188869159341949e-01	1.047324e-01
2.199109159341960e-01	1.047324e-01
2.209349159341970e-01	1.047324e-01
2.219589159341980e-01	1.047324e-01
2.229829159341990e-01	1.047324e-01
2.240069159342001e-01	1.047324e-01
2.250309159342011e-01	1.047324e-01
2.260549159342021e-01	1.047324e-01
2.270789159342031e-01	1.047324e-01
2.281029159342041e-01	1.047324e-01
2.291269159342052e-01	1.047324e-01
2.301509159342062e-01	1.047324e-01
2.311749159342072e-01	1.047324e-01
2.321989159342082e-01	1.047324e-01
2.332229159342093e-01	1.047324e-01
2.342469159342103e-01	1.047324e-01
2.352709159342113e-01	1.047324e-01
2.362949159342123e-01	1.047324e-01
2.373189159342134e-01	1.047324e-01
2.383429159342144e-01	1.047324e-01
2.393669159342154e-01	1.047324e-01
2.403909159342164e-01	1.047324e-01
2.414149159342175e-01	1.047324e-01
2.424389159342185e-01	1.047324e-01
2.434629159342195e-01	1.047324e-01
2.444869159342205e-01	1.047324e-01
2.455109159342216e-01	1.047324e-01
2.465349159342226e-01	1.047324e-01
2.475589159342236e-01	1.047324e-01
2.485829159342246e-01	1.047324e-01
2.495000000000000e-01	1.047324e-01
2.495000010000000e-01	1.056327e-01
2.495000030000000e-01	1.056321e-01
2.495000031280000e-01	1.038314e-01
2.495000033840000e-01	1.029309e-01
2.495000126731428e-01	1.029559e-01
2.495000219622857e-01	1.029901e-01
2.495000312514286e-01	1.030337e-01
2.495000405405714e-01	1.030866e-01
2.495000498297142e-01	1.031489e-01
2.495000591188571e-01	1.032204e-01
2.495000684080000e-01	1.033013e-01
2.495001000332735e-01	1.035284e-01
2.495001474490416e-01	1.038220e-01
2.495002040290842e-01	1.040771e-01
2.495003171891695e-01	1.043712e-01
2.495005435093399e-01	1.046311e-01
2.495007885966297e-01	1.047161e-01
2.495016367865303e-01	1.047331e-01
2.495092071929687e-01	1.047081e-01
2.495167775994071e-01	1.046554e-01
2.495243480058455e-01	1.045748e-01
2.495319184122839e-01	1.044665e-01
2.495394888187223e-01	1.043303e-01
2.495470592251607e-01	1.041664e-01
2.495546296315992e-01	1.039746e-01
2.495556296315992e-01	1.039479e-01
2.495687724887420e-01	1.035468e-01
2.495819153458849e-01	1.030913e-01
2.495950582030278e-01	1.025813e-01
2.496082010601706e-01	1.020168e-01
2.496213439173135e-01	1.013979e-01
2.496344867744564e-01	1.007245e-01
2.496476296315993e-01	9.999669e-02
2.496576296315993e-01	9.942095e-02
2.496676296315993e-01	9.882760e-02
2.496776296315993e-01	9.821663e-02
2.496876296315993e-01	9.758805e-02
2.496976296315993e-01	9.694186e-02
2.497076296315993e-01	9.627805e-02
2.497176296315993e-01	9.559663e-02
2.497263439173136e-01	9.499353e-02
2.497350582030279e-01	9.438328e-02
2.497437724887422e-01	9.376587e-02
2.497524867744565e-01	9.314132e-02
2.497612010601708e-01	9.250961e-02
2.497699153458851e-01	9.187076e-02
2.497786296315994e-01	9.122475e-02
2.497953439173137e-01	8.996760e-02
2.498120582030280e-01	8.870574e-02
2.498287724887423e-01	8.743917e-02
2.498454867744566e-01	8.616788e-02
2.498622010601709e-01	8.489189e-02
2.498789153458852e-01	8.361119e-02
2.498956296315995e-01	8.232577e-02
2.499193439173136e-01	8.051192e-02
2.499430582030276e-01	7.872724e-02
2.499667724887417e-01	7.697173e-02
2.499904867744558e-01	7.524541e-02
2.500142010601698e-01	7.354826e-02
2.500379153458839e-01	7.188028e-02
2.500616296315979e-01	7.024148e-02
2.500927724887400e-01	6.816017e-02
2.501239153458820e-01	6.615856e-02
2.501550582030240e-01	6.423667e-02
2.501862010601660e-01	6.239448e-02
2.502173439173080e-01	6.063200e-02
2.502484867744501e-01	5.894923e-02
2.502796296315921e-01	5.734616e-02
2.503206296315910e-01	5.537423e-02
2.503616296315899e-01	5.352684e-02
2.504026296315888e-01	5.180399e-02
2.504436296315877e-01	5.020567e-02
2.504846296315866e-01	4.873189e-02
2.505256296315855e-01	4.738264e-02
2.505666296315844e-01	4.615793e-02
2.505796296315841e-01	4.578719e-02
2.506436296315824e-01	4.416110e-02
2.507076296315807e-01	4.270434e-02
2.507716296315790e-01	4.141690e-02
2.508356296315772e-01	4.029879e-02
2.508996296315755e-01	3.935001e-02
2.509636296315738e-01	3.857056e-02
2.510276296315721e-01	3.796043e-02
2.510757724887137e-01	3.754557e-02
2.511239153458553e-01	3.717081e-02
2.511720582029968e-01	3.683614e-02
2.512202010601384e-01	3.654157e-02
2.512683439172799e-01	3.628710e-02
2.513164867744215e-01	3.607273e-02
2.513646296315631e-01	3.589845e-02
2.513986296315622e-01	3.578535e-02
2.514326296315613e-01	3.568157e-02
2.514666296315604e-01	3.558713e-02
2.515006296315594e-01	3.550203e-02
2.515346296315585e-01	3.542626e-02
2.515686296315576e-01	3.535983e-02
2.516026296315567e-01	3.530272e-02
2.516036296315567e-01	3.530109e-02
2.516537724886982e-01	3.522939e-02
2.517039153458397e-01	3.516626e-02
2.517540582029812e-01	3.511168e-02
2.518042010601227e-01	3.506566e-02
2.518543439172642e-01	3.502820e-02
2.519044867744058e-01	3.499930e-02
2.519546296315473e-01	3.497896e-02
2.520187724886884e-01	3.495800e-02
2.520829153458296e-01	3.494061e-02
2.521470582029707e-01	3.492677e-02
2.522112010601119e-01	3.491648e-02
2.522753439172530e-01	3.490974e-02
2.523394867743942e-01	3.490656e-02
2.524036296315353e-01	3.490694e-02
2.524354867743916e-01	3.490671e-02
2.524673439172478e-01	3.490666e-02
2.524992010601042e-01	3.490679e-02
2.525310582029605e-01	3.490709e-02
2.525629153458168e-01	3.490757e-02
2.525947724886730e-01	3.490823e-02
2.526266296315293e-01	3.490906e-02
2.526276296315293e-01	3.490909e-02
2.527737724886682e-01	3.491395e-02
2.529199153458072e-01	3.491829e-02
2.530660582029461e-01	3.492211e-02
2.532122010600851e-01	3.492540e-02
2.533583439172240e-01	3.492816e-02
2.535044867743630e-01	3.493041e-02
2.536506296315019e-01	3.493213e-02
2.536516296315019e-01	3.493214e-02
2.546756296314745e-01	3.493536e-02
2.556996296314471e-01	3.493545e-02
2.567236296314197e-01	3.493544e-02
2.577476296313923e-01	3.493544e-02
2.587716296313649e-01	3.493544e-02
2.597956296313375e-01	3.493544e-02
2.608196296313101e-01	3.493544e-02
2.618436296312827e-01	3.493544e-02
2.628676296312553e-01	3.493544e-02
2.638916296312279e-01	3.493544e-02
2.649156296312005e-01	3.493544e-02
2.659396296311731e-01	3.493544e-02
2.669636296311457e-01	3.493544e-02
2.679876296311183e-01	3.493544e-02
2.690116296310909e-01	3.493544e-02
2.700356296310635e-01	3.493544e-02
2.710596296310361e-01	3.493544e-02
2.720836296310087e-01	3.493544e-02
2.731076296309813e-01	3.493544e-02
2.741316296309539e-01	3.493544e-02
2.751556296309265e-01	3.493544e-02
2.761796296308991e-01	3.493544e-02
2.772036296308718e-01	3.493544e-02
2.782276296308444e-01	3.493544e-02
2.792516296308170e-01	3.493544e-02
2.802756296307896e-01	3.493544e-02
2.812996296307622e-01	3.493544e-02
2.823236296307348e-01	3.493544e-02
2.833476296307074e-01	3.493544e-02
2.843716296306800e-01	3.493544e-02
2.853956296306526e-01	3.493544e-02
2.864196296306252e-01	3.493544e-02
2.874436296305978e-01	3.493544e-02
2.884676296305704e-01	3.493544e-02
2.894916296305430e-01	3.493544e-02
2.905156296305156e-01	3.493544e-02
2.915396296304882e-01	3.493544e-02
2.925636296304608e-01	3.493544e-02
2.935876296304334e-01	3.493544e-02
2.946116296304060e-01	3.493544e-02
2.956356296303786e-01	3.493544e-02
2.966596296303512e-01	3.493544e-02
2.976836296303238e-01	3.493544e-02
2.987076296302964e-01	3.493544e-02
2.994000010000000e-01	3.493544e-02
2.994000126993092e-01	3.435674e-02
2.994000360979277e-01	3.412048e-02
2.994001315273546e-01	3.444067e-02
2.994001915268987e-01	3.458883e-02
2.994002867784809e-01	3.473024e-02
2.994004772816451e-01	3.485730e-02
2.994008218263252e-01	3.492519e-02
2.994019054949137e-01	3.493560e-02
2.994174769234847e-01	3.488352e-02
2.994330483520557e-01	3.478105e-02
2.994486197806267e-01	3.462819e-02
2.994641912091978e-01	3.442495e-02
2.994797626377688e-01	3.417132e-02
2.994953340663398e-01	3.386731e-02
2.995109054949108e-01	3.351291e-02
2.995210483520533e-01	3.326753e-02
2.995311912091960e-01	3.301020e-02
2.995413340663385e-01	3.274091e-02
2.995514769234811e-01	3.245968e-02
2.995616197806237e-01	3.216648e-02
2.995717626377663e-01	3.186134e-02
2.995819054949089e-01	3.154424e-02
2.995939054949086e-01	3.115729e-02
2.996059054949082e-01	3.076155e-02
2.996179054949079e-01	3.035702e-02
2.996299054949076e-01	2.994370e-02
2.996419054949073e-01	2.952158e-02
2.996539054949069e-01	2.909068e-02
2.996659054949066e-01	2.865098e-02
2.996727626377636e-01	2.839831e-02
2.996796197806205e-01	2.814439e-02
2.996864769234775e-01	2.788923e-02
2.996933340663345e-01	2.763281e-02
2.997001912091914e-01	2.737514e-02
2.997070483520484e-01	2.711622e-02
2.997139054949053e-01	2.685605e-02
2.997149054949053e-01	2.681810e-02
2.997350483520476e-01	2.604475e-02
2.997551912091900e-01	2.527400e-02
2.997753340663323e-01	2.450583e-02
2.997954769234746e-01	2.374026e-02
2.998156197806169e-01	2.297727e-02
2.998357626377592e-01	2.221687e-02
2.998559054949015e-01	2.145907e-02
2.998763340663296e-01	2.070282e-02
2.998967626377576e-01	1.996018e-02
2.999171912091856e-01	1.923116e-02
2.999376197806136e-01	1.851574e-02
2.999580483520417e-01	1.781394e-02
2.999784769234697e-01	1.712575e-02
2.999989054948977e-01	1.645117e-02
2.999999054948977e-01	1.641866e-02
3.000000000000000e-01	1.641559e-02
