time	V(v2)
0.000000000000000e+00	0.000000e+00
9.999999960041972e-12	-2.529967e-05
1.999999992008394e-11	-5.059856e-05
1.000000000000000e-09	-2.529749e-03
6.261142894516174e-09	-2.514521e-03
1.152228578903235e-08	-2.492308e-03
1.678342868354852e-08	-2.463109e-03
2.204457157806469e-08	-2.426926e-03
2.730571447258087e-08	-2.383758e-03
3.256685736709705e-08	-2.333604e-03
3.782800026161321e-08	-2.276466e-03
8.219420625909082e-08	-1.805517e-03
1.131122715509189e-07	-1.504777e-03
1.669369734007579e-07	-1.083641e-03
2.374120878718125e-07	-7.007108e-04
3.540200503309960e-07	-3.269291e-04
4.777312238377372e-07	-1.261624e-04
6.364763880494742e-07	-2.175711e-05
8.250163567858675e-07	2.102159e-05
1.108734560502395e-06	3.647989e-05
6.842468923973641e-06	2.291027e-05
1.257620328744489e-05	-1.071568e-05
1.830993765091613e-05	-6.439795e-05
2.404367201438738e-05	-1.381366e-04
2.977740637785862e-05	-2.319315e-04
3.551114074132987e-05	-3.457828e-04
4.124487510480110e-05	-4.796904e-04
5.038773224765822e-05	-7.314173e-04
5.953058939051534e-05	-1.021086e-03
6.867344653337246e-05	-1.348696e-03
7.781630367622959e-05	-1.714248e-03
8.695916081908670e-05	-2.117741e-03
9.610201796194382e-05	-2.559176e-03
1.052448751048009e-04	-3.038553e-03
1.149591608190866e-04	-3.581845e-03
1.246734465333723e-04	-4.154055e-03
1.343877322476580e-04	-4.755181e-03
1.441020179619437e-04	-5.385225e-03
1.538163036762294e-04	-6.044185e-03
1.635305893905151e-04	-6.732062e-03
1.732448751048007e-04	-7.448856e-03
1.826734465333722e-04	-8.165461e-03
1.921020179619435e-04	-8.899116e-03
2.015305893905150e-04	-9.649821e-03
2.109591608190864e-04	-1.041758e-02
2.203877322476578e-04	-1.120238e-02
2.298163036762292e-04	-1.200424e-02
2.392448751048006e-04	-1.282315e-02
2.471020179619436e-04	-1.351437e-02
2.549591608190866e-04	-1.421253e-02
2.628163036762296e-04	-1.491764e-02
2.706734465333727e-04	-1.562970e-02
2.785305893905157e-04	-1.634871e-02
2.863877322476588e-04	-1.707466e-02
2.942448751048018e-04	-1.780756e-02
3.103877322476593e-04	-1.933451e-02
3.265305893905169e-04	-2.087017e-02
3.426734465333744e-04	-2.241456e-02
3.588163036762319e-04	-2.396766e-02
3.749591608190894e-04	-2.552949e-02
3.911020179619470e-04	-2.710004e-02
4.072448751048045e-04	-2.867931e-02
4.309591608190908e-04	-3.099757e-02
4.546734465333771e-04	-3.329100e-02
4.783877322476634e-04	-3.555958e-02
5.021020179619497e-04	-3.780331e-02
5.258163036762360e-04	-4.002221e-02
5.495305893905222e-04	-4.221626e-02
5.732448751048085e-04	-4.438547e-02
6.052448751048093e-04	-4.724192e-02
6.372448751048100e-04	-5.001107e-02
6.692448751048108e-04	-5.269292e-02
7.012448751048117e-04	-5.528746e-02
7.332448751048125e-04	-5.779471e-02
7.652448751048133e-04	-6.021465e-02
7.972448751048139e-04	-6.254729e-02
8.253877322476715e-04	-6.451477e-02
8.535305893905290e-04	-6.641280e-02
8.816734465333866e-04	-6.824138e-02
9.098163036762441e-04	-7.000051e-02
9.379591608191017e-04	-7.169019e-02
9.661020179619593e-04	-7.331043e-02
9.942448751048168e-04	-7.486121e-02
9.952448751048167e-04	-7.491520e-02
1.055959160819097e-03	-7.799602e-02
1.116673446533378e-03	-8.083677e-02
1.177387732247659e-03	-8.343744e-02
1.238102017961939e-03	-8.579803e-02
1.298816303676220e-03	-8.791855e-02
1.359530589390500e-03	-8.979899e-02
1.420244875104781e-03	-9.143936e-02
1.487102017961918e-03	-9.304796e-02
1.553959160819055e-03	-9.450879e-02
1.620816303676193e-03	-9.582186e-02
1.687673446533330e-03	-9.698717e-02
1.754530589390467e-03	-9.800470e-02
1.821387732247604e-03	-9.887447e-02
1.888244875104742e-03	-9.959648e-02
1.906816303676171e-03	-9.979024e-02
1.925387732247600e-03	-9.997746e-02
1.943959160819029e-03	-1.001581e-01
1.962530589390458e-03	-1.003323e-01
1.981102017961887e-03	-1.004998e-01
1.999673446533316e-03	-1.006609e-01
2.018244875104745e-03	-1.008153e-01
2.019244875104745e-03	-1.008235e-01
2.076244875104753e-03	-1.012523e-01
2.133244875104760e-03	-1.016438e-01
2.190244875104768e-03	-1.019980e-01
2.247244875104775e-03	-1.023149e-01
2.304244875104783e-03	-1.025945e-01
2.361244875104790e-03	-1.028369e-01
2.418244875104798e-03	-1.030420e-01
2.479530589390521e-03	-1.032396e-01
2.540816303676243e-03	-1.034187e-01
2.602102017961965e-03	-1.035792e-01
2.663387732247688e-03	-1.037212e-01
2.724673446533410e-03	-1.038445e-01
2.785959160819132e-03	-1.039494e-01
2.847244875104855e-03	-1.040357e-01
2.875102017962002e-03	-1.040732e-01
2.902959160819148e-03	-1.041088e-01
2.930816303676295e-03	-1.041424e-01
2.958673446533441e-03	-1.041742e-01
2.986530589390588e-03	-1.042039e-01
3.014387732247735e-03	-1.042317e-01
3.042244875104881e-03	-1.042576e-01
3.043244875104881e-03	-1.042585e-01
3.128816303676321e-03	-1.043252e-01
3.214387732247761e-03	-1.043838e-01
3.299959160819201e-03	-1.044345e-01
3.385530589390641e-03	-1.044772e-01
3.471102017962081e-03	-1.045120e-01
3.556673446533521e-03	-1.045387e-01
3.642244875104960e-03	-1.045574e-01
3.702816303676397e-03	-1.045703e-01
3.763387732247834e-03	-1.045819e-01
3.823959160819270e-03	-1.045922e-01
3.884530589390707e-03	-1.046013e-01
3.945102017962144e-03	-1.046091e-01
4.005673446533580e-03	-1.046157e-01
4.066244875105016e-03	-1.046210e-01
4.067244875105016e-03	-1.046211e-01
4.213387732247893e-03	-1.046306e-01
4.359530589390770e-03	-1.046386e-01
4.505673446533646e-03	-1.046450e-01
4.651816303676523e-03	-1.046499e-01
4.797959160819400e-03	-1.046532e-01
4.944102017962276e-03	-1.046551e-01
5.090244875105152e-03	-1.046554e-01
5.091244875105152e-03	-1.046554e-01
6.115244875105288e-03	-1.046584e-01
7.139244875105424e-03	-1.046586e-01
8.163244875105256e-03	-1.046586e-01
9.187244875104503e-03	-1.046586e-01
1.021124487510375e-02	-1.046586e-01
1.123524487510300e-02	-1.046586e-01
1.225924487510225e-02	-1.046586e-01
1.328324487510149e-02	-1.046586e-01
1.430724487510074e-02	-1.046586e-01
1.533124487509999e-02	-1.046586e-01
1.635524487510050e-02	-1.046586e-01
1.737924487510153e-02	-1.046586e-01
1.840324487510255e-02	-1.046586e-01
1.942724487510358e-02	-1.046586e-01
2.045124487510460e-02	-1.046586e-01
2.147524487510562e-02	-1.046586e-01
2.249924487510665e-02	-1.046586e-01
2.352324487510767e-02	-1.046586e-01
2.454724487510870e-02	-1.046586e-01
2.557124487510972e-02	-1.046586e-01
2.659524487511074e-02	-1.046586e-01
2.761924487511177e-02	-1.046586e-01
2.864324487511279e-02	-1.046586e-01
2.966724487511382e-02	-1.046586e-01
3.069124487511484e-02	-1.046586e-01
3.171524487511587e-02	-1.046586e-01
3.273924487511689e-02	-1.046586e-01
3.376324487511791e-02	-1.046586e-01
3.478724487511894e-02	-1.046586e-01
3.581124487511996e-02	-1.046586e-01
3.683524487512099e-02	-1.046586e-01
3.785924487512201e-02	-1.046586e-01
3.888324487512303e-02	-1.046586e-01
3.990724487512406e-02	-1.046586e-01
4.093124487512508e-02	-1.046586e-01
4.195524487512611e-02	-1.046586e-01
4.297924487512713e-02	-1.046586e-01
4.400324487512815e-02	-1.046586e-01
4.502724487512918e-02	-1.046586e-01
4.605124487513020e-02	-1.046586e-01
4.707524487513123e-02	-1.046586e-01
4.809924487513225e-02	-1.046586e-01
4.912324487513327e-02	-1.046586e-01
5.014724487513430e-02	-1.046586e-01
5.117124487513532e-02	-1.046586e-01
5.219524487513635e-02	-1.046586e-01
5.321924487513737e-02	-1.046586e-01
5.424324487513840e-02	-1.046586e-01
5.526724487513942e-02	-1.046586e-01
5.629124487514044e-02	-1.046586e-01
5.731524487514147e-02	-1.046586e-01
5.833924487514249e-02	-1.046586e-01
5.936324487514352e-02	-1.046586e-01
6.038724487514454e-02	-1.046586e-01
6.141124487514556e-02	-1.046586e-01
6.243524487514659e-02	-1.046586e-01
6.345924487514761e-02	-1.046586e-01
6.448324487514863e-02	-1.046586e-01
6.550724487514965e-02	-1.046586e-01
6.653124487515068e-02	-1.046586e-01
6.700000000000000e-02	-1.046586e-01
6.700000100000000e-02	-1.038153e-01
6.700000104000001e-02	-1.021286e-01
6.700000112000001e-02	-1.012853e-01
6.700000694857151e-02	-1.013073e-01
6.700001277714303e-02	-1.013400e-01
6.700001860571453e-02	-1.013834e-01
6.700002443428604e-02	-1.014375e-01
6.700003026285754e-02	-1.015023e-01
6.700003609142906e-02	-1.015779e-01
6.700004192000056e-02	-1.016641e-01
6.700009653108710e-02	-1.024177e-01
6.700013232779371e-02	-1.028471e-01
6.700018464354053e-02	-1.033319e-01
6.700026503083464e-02	-1.038160e-01
6.700042580542287e-02	-1.043142e-01
6.700063712638553e-02	-1.045727e-01
6.700086113740406e-02	-1.046429e-01
6.700171968502493e-02	-1.046599e-01
6.701371968502494e-02	-1.045646e-01
6.702571968502495e-02	-1.043668e-01
6.703771968502496e-02	-1.040667e-01
6.704971968502497e-02	-1.036641e-01
6.706171968502499e-02	-1.031590e-01
6.707371968502500e-02	-1.025516e-01
6.708571968502501e-02	-1.018417e-01
6.709757682788217e-02	-1.010650e-01
6.710943397073932e-02	-1.002263e-01
6.712129111359648e-02	-9.932557e-02
6.713314825645363e-02	-9.836291e-02
6.714500539931079e-02	-9.733830e-02
6.715686254216793e-02	-9.625171e-02
6.716871968502509e-02	-9.510317e-02
6.717486254216795e-02	-9.449393e-02
6.718100539931082e-02	-9.387384e-02
6.718714825645368e-02	-9.324289e-02
6.719329111359655e-02	-9.260110e-02
6.719943397073941e-02	-9.194845e-02
6.720557682788228e-02	-9.128495e-02
6.721171968502514e-02	-9.061060e-02
6.721871968502514e-02	-8.983083e-02
6.722571968502515e-02	-8.904129e-02
6.723271968502516e-02	-8.824199e-02
6.723971968502516e-02	-8.743291e-02
6.724671968502517e-02	-8.661407e-02
6.725371968502518e-02	-8.578546e-02
6.726071968502519e-02	-8.494708e-02
6.727257682788235e-02	-8.350645e-02
6.728443397073949e-02	-8.205173e-02
6.729629111359665e-02	-8.058290e-02
6.730814825645380e-02	-7.909996e-02
6.732000539931096e-02	-7.760293e-02
6.733186254216811e-02	-7.609180e-02
6.734371968502527e-02	-7.456656e-02
6.736343397073957e-02	-7.200921e-02
6.738314825645388e-02	-6.945603e-02
6.740286254216818e-02	-6.690700e-02
6.742257682788250e-02	-6.436214e-02
6.744229111359680e-02	-6.182143e-02
6.746200539931110e-02	-5.928488e-02
6.748171968502541e-02	-5.675248e-02
6.748871968502541e-02	-5.586336e-02
6.750529111359686e-02	-5.376630e-02
6.752186254216830e-02	-5.169233e-02
6.753843397073975e-02	-4.964146e-02
6.755500539931120e-02	-4.761368e-02
6.757157682788265e-02	-4.560900e-02
6.758814825645408e-02	-4.362741e-02
6.760471968502553e-02	-4.166891e-02
6.761586254216839e-02	-4.036960e-02
6.762700539931127e-02	-3.908386e-02
6.763814825645413e-02	-3.781170e-02
6.764929111359701e-02	-3.655310e-02
6.766043397073987e-02	-3.530807e-02
6.767157682788275e-02	-3.407661e-02
6.768271968502561e-02	-3.285872e-02
6.770686254216848e-02	-3.026914e-02
6.773100539931137e-02	-2.774938e-02
6.775514825645425e-02	-2.529945e-02
6.777929111359714e-02	-2.291935e-02
6.780343397074001e-02	-2.060908e-02
6.782757682788290e-02	-1.836864e-02
6.785171968502578e-02	-1.619802e-02
6.788329111359724e-02	-1.347137e-02
6.791486254216869e-02	-1.085645e-02
6.794643397074016e-02	-8.353253e-03
6.797800539931162e-02	-5.961782e-03
6.800957682788308e-02	-3.682038e-03
6.804114825645453e-02	-1.514020e-03
6.807271968502600e-02	5.422720e-04
6.810557682788318e-02	2.571948e-03
6.813843397074035e-02	4.505510e-03
6.817129111359753e-02	6.342957e-03
6.820414825645470e-02	8.084290e-03
6.823700539931188e-02	9.729508e-03
6.826986254216905e-02	1.127861e-02
6.830271968502623e-02	1.273160e-02
6.833257682788341e-02	1.398265e-02
6.836243397074057e-02	1.517537e-02
6.839229111359775e-02	1.630976e-02
6.842214825645491e-02	1.738584e-02
6.845200539931209e-02	1.840360e-02
6.848186254216926e-02	1.936303e-02
6.851171968502644e-02	2.026414e-02
6.851271968502644e-02	2.029367e-02
6.857486254216935e-02	2.198164e-02
6.863700539931228e-02	2.352083e-02
6.869914825645519e-02	2.491122e-02
6.876129111359812e-02	2.615284e-02
6.882343397074103e-02	2.724566e-02
6.888557682788396e-02	2.818970e-02
6.894771968502687e-02	2.898496e-02
6.900286254216978e-02	2.962717e-02
6.905800539931270e-02	3.021520e-02
6.911314825645561e-02	3.074904e-02
6.916829111359853e-02	3.122870e-02
6.922343397074143e-02	3.165417e-02
6.927857682788435e-02	3.202545e-02
6.933371968502726e-02	3.234255e-02
6.936257682788444e-02	3.249978e-02
6.939143397074160e-02	3.264885e-02
6.942029111359878e-02	3.278978e-02
6.944914825645594e-02	3.292255e-02
6.947800539931312e-02	3.304717e-02
6.950686254217028e-02	3.316365e-02
6.953571968502746e-02	3.327197e-02
6.953671968502746e-02	3.327564e-02
6.959657682788467e-02	3.347555e-02
6.965643397074187e-02	3.365689e-02
6.971629111359907e-02	3.381966e-02
6.977614825645627e-02	3.396385e-02
6.983600539931348e-02	3.408948e-02
6.989586254217067e-02	3.419654e-02
6.995571968502788e-02	3.428502e-02
7.002886254217081e-02	3.437985e-02
7.010200539931374e-02	3.446441e-02
7.017514825645667e-02	3.453870e-02
7.024829111359961e-02	3.460274e-02
7.032143397074253e-02	3.465651e-02
7.039457682788547e-02	3.470002e-02
7.046771968502839e-02	3.473327e-02
7.056071968502849e-02	3.477231e-02
7.067400539931432e-02	3.480650e-02
7.078729111360015e-02	3.483585e-02
7.090057682788597e-02	3.486034e-02
7.101386254217179e-02	3.487997e-02
7.112714825645762e-02	3.489476e-02
7.124043397074345e-02	3.490469e-02
7.135371968502928e-02	3.490977e-02
7.158471968502951e-02	3.492051e-02
7.173086254217251e-02	3.492425e-02
7.187700539931552e-02	3.492738e-02
7.202314825645852e-02	3.492991e-02
7.216929111360153e-02	3.493183e-02
7.231543397074452e-02	3.493315e-02
7.246157682788754e-02	3.493386e-02
7.260771968503053e-02	3.493396e-02
7.260871968503053e-02	3.493396e-02
7.363271968503156e-02	3.493511e-02
7.465671968503258e-02	3.493520e-02
7.568071968503361e-02	3.493521e-02
7.670471968503463e-02	3.493521e-02
7.772871968503565e-02	3.493521e-02
7.875271968503668e-02	3.493521e-02
7.977671968503770e-02	3.493521e-02
8.080071968503873e-02	3.493521e-02
8.182471968503975e-02	3.493521e-02
8.284871968504078e-02	3.493521e-02
8.387271968504180e-02	3.493521e-02
8.489671968504282e-02	3.493521e-02
8.592071968504385e-02	3.493521e-02
8.694471968504487e-02	3.493521e-02
8.796871968504590e-02	3.493521e-02
8.899271968504692e-02	3.493521e-02
9.001671968504794e-02	3.493521e-02
9.104071968504897e-02	3.493521e-02
9.206471968504999e-02	3.493521e-02
9.308871968505102e-02	3.493521e-02
9.411271968505204e-02	3.493521e-02
9.513671968505306e-02	3.493521e-02
9.616071968505409e-02	3.493521e-02
9.718471968505511e-02	3.493521e-02
9.820871968505614e-02	3.493521e-02
9.923271968505716e-02	3.493521e-02
1.002567196850582e-01	3.493521e-02
1.012807196850592e-01	3.493521e-02
1.023047196850602e-01	3.493521e-02
1.033287196850613e-01	3.493521e-02
1.043527196850623e-01	3.493521e-02
1.053767196850633e-01	3.493521e-02
1.064007196850643e-01	3.493521e-02
1.074247196850654e-01	3.493521e-02
1.084487196850664e-01	3.493521e-02
1.094727196850674e-01	3.493521e-02
1.104967196850684e-01	3.493521e-02
1.115207196850694e-01	3.493521e-02
1.125447196850705e-01	3.493521e-02
1.135687196850715e-01	3.493521e-02
1.145927196850725e-01	3.493521e-02
1.156167196850735e-01	3.493521e-02
1.166407196850746e-01	3.493521e-02
1.176647196850756e-01	3.493521e-02
1.186887196850766e-01	3.493521e-02
1.197127196850776e-01	3.493521e-02
1.207367196850787e-01	3.493521e-02
1.217607196850797e-01	3.493521e-02
1.227847196850807e-01	3.493521e-02
1.238087196850817e-01	3.493521e-02
1.248327196850828e-01	3.493521e-02
1.258567196850838e-01	3.493521e-02
1.268807196850848e-01	3.493521e-02
1.279047196850858e-01	3.493521e-02
1.289287196850868e-01	3.493521e-02
1.299527196850879e-01	3.493521e-02
1.309767196850889e-01	3.493521e-02
1.320007196850899e-01	3.493521e-02
1.330247196850909e-01	3.493521e-02
1.340000000000000e-01	3.493521e-02
1.340000010000000e-01	3.409189e-02
1.340000010800000e-01	3.352967e-02
1.340000012400000e-01	3.324858e-02
1.340000120401467e-01	3.328344e-02
1.340000228402935e-01	3.332723e-02
1.340000336404402e-01	3.337994e-02
1.340000444405869e-01	3.344157e-02
1.340000552407337e-01	3.351213e-02
1.340000660408804e-01	3.359160e-02
1.340000768410271e-01	3.368000e-02
1.340001129947949e-01	3.391476e-02
1.340001657998279e-01	3.419065e-02
1.340002370288591e-01	3.444117e-02
1.340003794869215e-01	3.470285e-02
1.340006333079101e-01	3.488358e-02
1.340008988491267e-01	3.493012e-02
1.340044792290217e-01	3.492865e-02
1.340080596089167e-01	3.492123e-02
1.340116399888116e-01	3.490786e-02
1.340152203687066e-01	3.488855e-02
1.340188007486015e-01	3.486329e-02
1.340223811284965e-01	3.483208e-02
1.340259615083915e-01	3.479492e-02
1.340269615083915e-01	3.478400e-02
1.340419615083915e-01	3.456044e-02
1.340569615083915e-01	3.427098e-02
1.340719615083915e-01	3.391560e-02
1.340869615083915e-01	3.349431e-02
1.341019615083915e-01	3.300711e-02
1.341169615083916e-01	3.245401e-02
1.341319615083916e-01	3.183499e-02
1.341418186512487e-01	3.140789e-02
1.341516757941059e-01	3.096423e-02
1.341615329369630e-01	3.050401e-02
1.341713900798202e-01	3.002722e-02
1.341812472226773e-01	2.953386e-02
1.341911043655345e-01	2.902395e-02
1.342009615083916e-01	2.849746e-02
1.342096757941059e-01	2.802219e-02
1.342183900798202e-01	2.753903e-02
1.342271043655345e-01	2.704797e-02
1.342358186512488e-01	2.654901e-02
1.342445329369631e-01	2.604216e-02
1.342532472226774e-01	2.552741e-02
1.342619615083917e-01	2.500477e-02
1.342751043655346e-01	2.420391e-02
1.342882472226774e-01	2.339501e-02
1.343013900798203e-01	2.257807e-02
1.343145329369632e-01	2.175308e-02
1.343276757941061e-01	2.092004e-02
1.343408186512489e-01	2.007896e-02
1.343539615083918e-01	1.922983e-02
1.343689615083918e-01	1.825715e-02
1.343839615083918e-01	1.728520e-02
1.343989615083918e-01	1.631399e-02
1.344139615083919e-01	1.534352e-02
1.344289615083919e-01	1.437379e-02
1.344439615083919e-01	1.340481e-02
1.344589615083919e-01	1.243656e-02
1.344833900798205e-01	1.086881e-02
1.345078186512491e-01	9.325650e-03
1.345322472226777e-01	7.807078e-03
1.345566757941063e-01	6.313092e-03
1.345811043655349e-01	4.843694e-03
1.346055329369635e-01	3.398883e-03
1.346299615083921e-01	1.978660e-03
1.346652472226778e-01	-1.019659e-05
1.347005329369636e-01	-1.925195e-03
1.347358186512493e-01	-3.766336e-03
1.347711043655351e-01	-5.533618e-03
1.348063900798208e-01	-7.227043e-03
1.348416757941066e-01	-8.846610e-03
1.348769615083923e-01	-1.039232e-02
1.349016757941066e-01	-1.142855e-02
1.349263900798209e-01	-1.243053e-02
1.349511043655353e-01	-1.339828e-02
1.349758186512496e-01	-1.433178e-02
1.350005329369639e-01	-1.523104e-02
1.350252472226782e-01	-1.609607e-02
1.350499615083925e-01	-1.692685e-02
1.350509615083925e-01	-1.695985e-02
1.351221043655354e-01	-1.912906e-02
1.351932472226783e-01	-2.110367e-02
1.352643900798213e-01	-2.288369e-02
1.353355329369642e-01	-2.446912e-02
1.354066757941071e-01	-2.585995e-02
1.354778186512501e-01	-2.705620e-02
1.355489615083930e-01	-2.805785e-02
1.356129615083931e-01	-2.886652e-02
1.356769615083931e-01	-2.960202e-02
1.357409615083932e-01	-3.026434e-02
1.358049615083932e-01	-3.085349e-02
1.358689615083933e-01	-3.136946e-02
1.359329615083934e-01	-3.181226e-02
1.359969615083934e-01	-3.218188e-02
1.360749615083935e-01	-3.259290e-02
1.361361043655364e-01	-3.286401e-02
1.361972472226793e-01	-3.311022e-02
1.362583900798223e-01	-3.333153e-02
1.363195329369652e-01	-3.352792e-02
1.363806757941081e-01	-3.369942e-02
1.364418186512510e-01	-3.384600e-02
1.365029615083939e-01	-3.396768e-02
1.365732472226797e-01	-3.409135e-02
1.366435329369655e-01	-3.420220e-02
1.367138186512513e-01	-3.430024e-02
1.367841043655371e-01	-3.438546e-02
1.368543900798229e-01	-3.445787e-02
1.369246757941087e-01	-3.451746e-02
1.369949615083944e-01	-3.456423e-02
1.370989615083945e-01	-3.462676e-02
1.372013900798232e-01	-3.467195e-02
1.373038186512519e-01	-3.471112e-02
1.374062472226805e-01	-3.474427e-02
1.375086757941092e-01	-3.477141e-02
1.376111043655379e-01	-3.479252e-02
1.377135329369666e-01	-3.480762e-02
1.378159615083953e-01	-3.481670e-02
1.381229615083956e-01	-3.483979e-02
1.382691043655386e-01	-3.484533e-02
1.384152472226816e-01	-3.484998e-02
1.385613900798246e-01	-3.485373e-02
1.387075329369676e-01	-3.485659e-02
1.388536757941106e-01	-3.485856e-02
1.389998186512536e-01	-3.485963e-02
1.391459615083966e-01	-3.485980e-02
1.391469615083966e-01	-3.485981e-02
1.401709615083976e-01	-3.486156e-02
1.411949615083986e-01	-3.486171e-02
1.422189615083997e-01	-3.486172e-02
1.432429615084007e-01	-3.486172e-02
1.442669615084017e-01	-3.486172e-02
1.452909615084027e-01	-3.486172e-02
1.463149615084038e-01	-3.486172e-02
1.473389615084048e-01	-3.486172e-02
1.483629615084058e-01	-3.486172e-02
1.493869615084068e-01	-3.486172e-02
1.504109615084079e-01	-3.486172e-02
1.514349615084089e-01	-3.486172e-02
1.524589615084099e-01	-3.486172e-02
1.534829615084109e-01	-3.486172e-02
1.545069615084119e-01	-3.486172e-02
1.555309615084130e-01	-3.486172e-02
1.565549615084140e-01	-3.486172e-02
1.575789615084150e-01	-3.486172e-02
1.586029615084160e-01	-3.486172e-02
1.596269615084171e-01	-3.486172e-02
1.606509615084181e-01	-3.486172e-02
1.616749615084191e-01	-3.486172e-02
1.626989615084201e-01	-3.486172e-02
1.637229615084212e-01	-3.486172e-02
1.647469615084222e-01	-3.486172e-02
1.657709615084232e-01	-3.486172e-02
1.667949615084242e-01	-3.486172e-02
1.678189615084253e-01	-3.486172e-02
1.688429615084263e-01	-3.486172e-02
1.698669615084273e-01	-3.486172e-02
1.708909615084283e-01	-3.486172e-02
1.719149615084294e-01	-3.486172e-02
1.729389615084304e-01	-3.486172e-02
1.739629615084314e-01	-3.486172e-02
1.749869615084324e-01	-3.486172e-02
1.760109615084335e-01	-3.486172e-02
1.770349615084345e-01	-3.486172e-02
1.780589615084355e-01	-3.486172e-02
1.790829615084365e-01	-3.486172e-02
1.801069615084376e-01	-3.486172e-02
1.811309615084386e-01	-3.486172e-02
1.821549615084396e-01	-3.486172e-02
1.831789615084406e-01	-3.486172e-02
1.842029615084416e-01	-3.486172e-02
1.852269615084427e-01	-3.486172e-02
1.862509615084437e-01	-3.486172e-02
1.872749615084447e-01	-3.486172e-02
1.882989615084457e-01	-3.486172e-02
1.893229615084468e-01	-3.486172e-02
1.903469615084478e-01	-3.486172e-02
1.913709615084488e-01	-3.486172e-02
1.923949615084498e-01	-3.486172e-02
1.934189615084509e-01	-3.486172e-02
1.944429615084519e-01	-3.486172e-02
1.954669615084529e-01	-3.486172e-02
1.964909615084539e-01	-3.486172e-02
1.975149615084550e-01	-3.486172e-02
1.985389615084560e-01	-3.486172e-02
1.995629615084570e-01	-3.486172e-02
2.005869615084580e-01	-3.486172e-02
2.010000000000000e-01	-3.486172e-02
2.010000010000000e-01	-3.444006e-02
2.010000010800000e-01	-3.384410e-02
2.010000012400000e-01	-3.349553e-02
2.010000020000000e-01	-3.317524e-02
2.010000113531429e-01	-3.320310e-02
2.010000207062857e-01	-3.323904e-02
2.010000300594286e-01	-3.328308e-02
2.010000394125714e-01	-3.333520e-02
2.010000487657143e-01	-3.339542e-02
2.010000581188571e-01	-3.346372e-02
2.010000674720000e-01	-3.354012e-02
2.010001014287170e-01	-3.376763e-02
2.010001507286540e-01	-3.404627e-02
2.010002120961735e-01	-3.429170e-02
2.010003348312123e-01	-3.456300e-02
2.010005803012899e-01	-3.478898e-02
2.010008294538732e-01	-3.485262e-02
2.010155341070837e-01	-3.479125e-02
2.010302387602943e-01	-3.465528e-02
2.010449434135049e-01	-3.444470e-02
2.010596480667154e-01	-3.415952e-02
2.010743527199260e-01	-3.379973e-02
2.010890573731366e-01	-3.336534e-02
2.011037620263471e-01	-3.285634e-02
2.011156191692043e-01	-3.241322e-02
2.011274763120615e-01	-3.194245e-02
2.011393334549186e-01	-3.144406e-02
2.011511905977758e-01	-3.091802e-02
2.011630477406329e-01	-3.036435e-02
2.011749048834901e-01	-2.978305e-02
2.011867620263472e-01	-2.917411e-02
2.011949048834901e-01	-2.874608e-02
2.012030477406329e-01	-2.831017e-02
2.012111905977758e-01	-2.786638e-02
2.012193334549187e-01	-2.741471e-02
2.012274763120616e-01	-2.695516e-02
2.012356191692044e-01	-2.648773e-02
2.012437620263473e-01	-2.601243e-02
2.012534763120616e-01	-2.543718e-02
2.012631905977759e-01	-2.485562e-02
2.012729048834902e-01	-2.426776e-02
2.012826191692045e-01	-2.367360e-02
2.012923334549188e-01	-2.307313e-02
2.013020477406330e-01	-2.246636e-02
2.013117620263473e-01	-2.185329e-02
2.013247620263474e-01	-2.102584e-02
2.013377620263474e-01	-2.019526e-02
2.013507620263474e-01	-1.936152e-02
2.013637620263474e-01	-1.852464e-02
2.013767620263474e-01	-1.768462e-02
2.013897620263474e-01	-1.684145e-02
2.014027620263474e-01	-1.599514e-02
2.014191905977760e-01	-1.492625e-02
2.014356191692046e-01	-1.386324e-02
2.014520477406332e-01	-1.280610e-02
2.014684763120618e-01	-1.175484e-02
2.014849048834904e-01	-1.070945e-02
2.015013334549190e-01	-9.669938e-03
2.015177620263476e-01	-8.636299e-03
2.015230477406333e-01	-8.306749e-03
2.015283334549190e-01	-7.978331e-03
2.015336191692047e-01	-7.651044e-03
2.015389048834904e-01	-7.324887e-03
2.015441905977761e-01	-6.999860e-03
2.015494763120619e-01	-6.675965e-03
2.015547620263476e-01	-6.353200e-03
2.015557620263476e-01	-6.292287e-03
2.015873334549191e-01	-4.386264e-03
2.016189048834905e-01	-2.535705e-03
2.016504763120620e-01	-7.406084e-04
2.016820477406334e-01	9.990251e-04
2.017136191692049e-01	2.683196e-03
2.017451905977763e-01	4.311903e-03
2.017767620263478e-01	5.885147e-03
2.018194763120622e-01	7.905623e-03
2.018621905977765e-01	9.821669e-03
2.019049048834908e-01	1.163328e-02
2.019476191692051e-01	1.334047e-02
2.019903334549195e-01	1.494322e-02
2.020330477406338e-01	1.644155e-02
2.020757620263481e-01	1.783544e-02
2.021476191692053e-01	1.993662e-02
2.022194763120626e-01	2.184671e-02
2.022913334549198e-01	2.356570e-02
2.023631905977770e-01	2.509358e-02
2.024350477406342e-01	2.643037e-02
2.025069048834914e-01	2.757606e-02
2.025787620263486e-01	2.853065e-02
2.025797620263486e-01	2.854366e-02
2.026430477406344e-01	2.929831e-02
2.027063334549202e-01	2.998498e-02
2.027696191692059e-01	3.060367e-02
2.028329048834917e-01	3.115438e-02
2.028961905977775e-01	3.163711e-02
2.029594763120633e-01	3.205187e-02
2.030227620263491e-01	3.239865e-02
2.030834763120634e-01	3.269877e-02
2.031441905977777e-01	3.297156e-02
2.032049048834921e-01	3.321701e-02
2.032656191692064e-01	3.343514e-02
2.033263334549208e-01	3.362594e-02
2.033870477406351e-01	3.378941e-02
2.034477620263495e-01	3.392556e-02
2.034699048834924e-01	3.397335e-02
2.034920477406352e-01	3.401916e-02
2.035141905977781e-01	3.406298e-02
2.035363334549210e-01	3.410481e-02
2.035584763120639e-01	3.414466e-02
2.035806191692068e-01	3.418251e-02
2.036027620263496e-01	3.421838e-02
2.036037620263496e-01	3.421997e-02
2.036777620263497e-01	3.432383e-02
2.037517620263498e-01	3.441651e-02
2.038257620263499e-01	3.449800e-02
2.038997620263499e-01	3.456831e-02
2.039737620263500e-01	3.462743e-02
2.040477620263501e-01	3.467537e-02
2.041217620263502e-01	3.471212e-02
2.041939048834931e-01	3.474447e-02
2.042660477406360e-01	3.477333e-02
2.043381905977789e-01	3.479870e-02
2.044103334549219e-01	3.482058e-02
2.044824763120648e-01	3.483898e-02
2.045546191692077e-01	3.485389e-02
2.046267620263507e-01	3.486531e-02
2.046277620263507e-01	3.486547e-02
2.047739048834937e-01	3.488294e-02
2.049200477406367e-01	3.489761e-02
2.050661905977797e-01	3.490948e-02
2.052123334549227e-01	3.491855e-02
2.053584763120657e-01	3.492481e-02
2.055046191692087e-01	3.492827e-02
2.056507620263517e-01	3.492893e-02
2.056517620263517e-01	3.492894e-02
2.066757620263527e-01	3.493468e-02
2.076997620263537e-01	3.493517e-02
2.087237620263548e-01	3.493521e-02
2.097477620263558e-01	3.493521e-02
2.107717620263568e-01	3.493521e-02
2.117957620263578e-01	3.493521e-02
2.128197620263589e-01	3.493521e-02
2.138437620263599e-01	3.493521e-02
2.148677620263609e-01	3.493521e-02
2.158917620263619e-01	3.493521e-02
2.169157620263630e-01	3.493521e-02
2.179397620263640e-01	3.493521e-02
2.189637620263650e-01	3.493521e-02
2.199877620263660e-01	3.493521e-02
2.210117620263670e-01	3.493521e-02
2.220357620263681e-01	3.493521e-02
2.230597620263691e-01	3.493521e-02
2.240837620263701e-01	3.493521e-02
2.251077620263711e-01	3.493521e-02
2.261317620263722e-01	3.493521e-02
2.271557620263732e-01	3.493521e-02
2.281797620263742e-01	3.493521e-02
2.292037620263752e-01	3.493521e-02
2.302277620263763e-01	3.493521e-02
2.312517620263773e-01	3.493521e-02
2.322757620263783e-01	3.493521e-02
2.332997620263793e-01	3.493521e-02
2.343237620263804e-01	3.493521e-02
2.353477620263814e-01	3.493521e-02
2.363717620263824e-01	3.493521e-02
2.373957620263834e-01	3.493521e-02
2.384197620263845e-01	3.493521e-02
2.394437620263855e-01	3.493521e-02
2.404677620263865e-01	3.493521e-02
2.414917620263875e-01	3.493521e-02
2.425157620263886e-01	3.493521e-02
2.435397620263896e-01	3.493521e-02
2.445637620263906e-01	3.493521e-02
2.455877620263916e-01	3.493521e-02
2.466117620263927e-01	3.493521e-02
2.476357620263937e-01	3.493521e-02
2.486597620263947e-01	3.493521e-02
2.496837620263957e-01	3.493521e-02
2.507077620263771e-01	3.493521e-02
2.517317620263497e-01	3.493521e-02
2.527557620263223e-01	3.493521e-02
2.537797620262949e-01	3.493521e-02
2.548037620262675e-01	3.493521e-02
2.558277620262401e-01	3.493521e-02
2.568517620262127e-01	3.493521e-02
2.578757620261853e-01	3.493521e-02
2.588997620261579e-01	3.493521e-02
2.599237620261305e-01	3.493521e-02
2.609477620261031e-01	3.493521e-02
2.619717620260757e-01	3.493521e-02
2.629957620260484e-01	3.493521e-02
2.640197620260210e-01	3.493521e-02
2.650437620259936e-01	3.493521e-02
2.660677620259662e-01	3.493521e-02
2.670917620259388e-01	3.493521e-02
2.680000000000000e-01	3.493521e-02
2.680000020000000e-01	3.662165e-02
2.680000021000000e-01	3.614371e-02
2.680000023000000e-01	3.603118e-02
2.680000030000000e-01	3.662116e-02
2.680000088400002e-01	3.660774e-02
2.680000146800004e-01	3.658927e-02
2.680000205200005e-01	3.656576e-02
2.680000263600007e-01	3.653720e-02
2.680000322000008e-01	3.650360e-02
2.680000380400011e-01	3.646494e-02
2.680000438800012e-01	3.642124e-02
2.680000797506699e-01	3.617380e-02
2.680001164433474e-01	3.593806e-02
2.680001708383874e-01	3.565988e-02
2.680002439367465e-01	3.541101e-02
2.680003901334648e-01	3.515451e-02
2.680006464234349e-01	3.498285e-02
2.680009161208617e-01	3.493957e-02
2.680097869749031e-01	3.496073e-02
2.680186578289445e-01	3.501218e-02
2.680275286829859e-01	3.509391e-02
2.680363995370273e-01	3.520593e-02
2.680452703910687e-01	3.534823e-02
2.680541412451102e-01	3.552081e-02
2.680630120991516e-01	3.572368e-02
2.680640120991515e-01	3.574766e-02
2.680780120991512e-01	3.612618e-02
2.680920120991508e-01	3.655189e-02
2.681060120991504e-01	3.702478e-02
2.681200120991500e-01	3.754486e-02
2.681340120991497e-01	3.811213e-02
2.681480120991493e-01	3.872657e-02
2.681620120991489e-01	3.938821e-02
2.681727263848629e-01	3.991371e-02
2.681834406705769e-01	4.045466e-02
2.681941549562909e-01	4.101105e-02
2.682048692420049e-01	4.158289e-02
2.682155835277189e-01	4.217017e-02
2.682262978134329e-01	4.277290e-02
2.682370120991469e-01	4.339108e-02
2.682460120991467e-01	4.391798e-02
2.682550120991464e-01	4.445085e-02
2.682640120991462e-01	4.498968e-02
2.682730120991459e-01	4.553448e-02
2.682820120991457e-01	4.608523e-02
2.682910120991455e-01	4.664195e-02
2.683000120991452e-01	4.720463e-02
2.683171549562876e-01	4.829139e-02
2.683342978134300e-01	4.938332e-02
2.683514406705724e-01	5.048041e-02
2.683685835277148e-01	5.158267e-02
2.683857263848572e-01	5.269010e-02
2.684028692419996e-01	5.380270e-02
2.684200120991420e-01	5.492046e-02
2.684447263848556e-01	5.652737e-02
2.684694406705693e-01	5.811392e-02
2.684941549562829e-01	5.968008e-02
2.685188692419965e-01	6.122588e-02
2.685435835277101e-01	6.275129e-02
2.685682978134238e-01	6.425634e-02
2.685930120991374e-01	6.574100e-02
2.686264406705651e-01	6.769464e-02
2.686598692419928e-01	6.958344e-02
2.686932978134204e-01	7.140738e-02
2.687267263848481e-01	7.316647e-02
2.687601549562758e-01	7.486072e-02
2.687935835277034e-01	7.649011e-02
2.688270120991311e-01	7.805466e-02
2.688641549562730e-01	7.970595e-02
2.689012978134149e-01	8.127973e-02
2.689384406705567e-01	8.277600e-02
2.689755835276986e-01	8.419474e-02
2.690127263848404e-01	8.553597e-02
2.690498692419823e-01	8.679968e-02
2.690870120991242e-01	8.798588e-02
2.690880120991241e-01	8.801700e-02
2.691727263848361e-01	9.039799e-02
2.692574406705482e-01	9.253389e-02
2.693421549562602e-01	9.442470e-02
2.694268692419722e-01	9.607042e-02
2.695115835276842e-01	9.747106e-02
2.695962978133963e-01	9.862660e-02
2.696810120991083e-01	9.953706e-02
2.697424406705352e-01	1.001406e-01
2.698038692419621e-01	1.006903e-01
2.698652978133891e-01	1.011863e-01
2.699267263848160e-01	1.016284e-01
2.699881549562429e-01	1.020168e-01
2.700495835276698e-01	1.023514e-01
2.701110120990968e-01	1.026321e-01
2.701120120990967e-01	1.026366e-01
2.701735835276665e-01	1.028892e-01
2.702351549562363e-01	1.031184e-01
2.702967263848061e-01	1.033243e-01
2.703582978133759e-01	1.035067e-01
2.704198692419457e-01	1.036658e-01
2.704814406705154e-01	1.038015e-01
2.705430120990852e-01	1.039138e-01
2.706147263847976e-01	1.040292e-01
2.706864406705100e-01	1.041324e-01
2.707581549562223e-01	1.042235e-01
2.708298692419347e-01	1.043025e-01
2.709015835276470e-01	1.043693e-01
2.709732978133594e-01	1.044240e-01
2.710450120990718e-01	1.044666e-01
2.711360120990693e-01	1.045162e-01
2.712412978133523e-01	1.045586e-01
2.713465835276351e-01	1.045954e-01
2.714518692419181e-01	1.046263e-01
2.715571549562009e-01	1.046515e-01
2.716624406704838e-01	1.046710e-01
2.717677263847667e-01	1.046848e-01
2.718730120990496e-01	1.046927e-01
2.721600120990419e-01	1.047120e-01
2.723061549561809e-01	1.047171e-01
2.724522978133199e-01	1.047214e-01
2.725984406704588e-01	1.047248e-01
2.727445835275977e-01	1.047274e-01
2.728907263847367e-01	1.047292e-01
2.730368692418756e-01	1.047302e-01
2.731830120990146e-01	1.047304e-01
2.731840120990146e-01	1.047304e-01
2.742080120989872e-01	1.047320e-01
2.752320120989598e-01	1.047321e-01
2.762560120989324e-01	1.047321e-01
2.772800120989050e-01	1.047321e-01
2.783040120988776e-01	1.047321e-01
2.793280120988502e-01	1.047321e-01
2.803520120988228e-01	1.047321e-01
2.813760120987954e-01	1.047321e-01
2.824000120987680e-01	1.047321e-01
2.834240120987406e-01	1.047321e-01
2.844480120987132e-01	1.047321e-01
2.854720120986858e-01	1.047321e-01
2.864960120986584e-01	1.047321e-01
2.875200120986310e-01	1.047321e-01
2.885440120986036e-01	1.047321e-01
2.895680120985762e-01	1.047321e-01
2.905920120985488e-01	1.047321e-01
2.916160120985214e-01	1.047321e-01
2.926400120984940e-01	1.047321e-01
2.936640120984666e-01	1.047321e-01
2.946880120984392e-01	1.047321e-01
2.957120120984118e-01	1.047321e-01
2.967360120983844e-01	1.047321e-01
2.977600120983570e-01	1.047321e-01
2.987840120983296e-01	1.047321e-01
2.998080120983022e-01	1.047321e-01
3.008320120982748e-01	1.047321e-01
3.018560120982474e-01	1.047321e-01
3.028800120982200e-01	1.047321e-01
3.039040120981926e-01	1.047321e-01
3.049280120981652e-01	1.047321e-01
3.059520120981378e-01	1.047321e-01
3.069760120981104e-01	1.047321e-01
3.080000120980830e-01	1.047321e-01
3.090240120980556e-01	1.047321e-01
3.100480120980282e-01	1.047321e-01
3.110720120980008e-01	1.047321e-01
3.120960120979734e-01	1.047321e-01
3.131200120979460e-01	1.047321e-01
3.141440120979186e-01	1.047321e-01
3.151680120978912e-01	1.047321e-01
3.161920120978639e-01	1.047321e-01
3.172160120978365e-01	1.047321e-01
3.182400120978091e-01	1.047321e-01
3.192640120977817e-01	1.047321e-01
3.202880120977543e-01	1.047321e-01
3.213120120977269e-01	1.047321e-01
3.223360120976995e-01	1.047321e-01
3.233600120976721e-01	1.047321e-01
3.243840120976447e-01	1.047321e-01
3.254080120976173e-01	1.047321e-01
3.264320120975899e-01	1.047321e-01
3.274560120975625e-01	1.047321e-01
3.284800120975351e-01	1.047321e-01
3.295040120975077e-01	1.047321e-01
3.305280120974803e-01	1.047321e-01
3.315520120974529e-01	1.047321e-01
3.325760120974255e-01	1.047321e-01
3.336000120973981e-01	1.047321e-01
3.346240120973707e-01	1.047321e-01
3.350000000000000e-01	1.047321e-01
3.350000010000000e-01	1.055755e-01
3.350000015600001e-01	1.055754e-01
3.350000022000001e-01	1.050130e-01
3.350000030000000e-01	1.030449e-01
3.350000108891431e-01	1.030606e-01
3.350000187782862e-01	1.030844e-01
3.350000266674293e-01	1.031165e-01
3.350000345565724e-01	1.031569e-01
3.350000424457155e-01	1.032055e-01
3.350000503348586e-01	1.032624e-01
3.350000582240016e-01	1.033275e-01
3.350000932959704e-01	1.035682e-01
3.350001361718639e-01	1.038279e-01
3.350001939400177e-01	1.040893e-01
3.350002905680060e-01	1.043547e-01
3.350004838239826e-01	1.046000e-01
3.350007490435877e-01	1.047092e-01
3.350010649807840e-01	1.047312e-01
3.350154180893972e-01	1.046680e-01
3.350297711980103e-01	1.045341e-01
3.350441243066234e-01	1.043296e-01
3.350584774152365e-01	1.040545e-01
3.350728305238496e-01	1.037087e-01
3.350871836324627e-01	1.032922e-01
3.351015367410758e-01	1.028051e-01
3.351135367410755e-01	1.023628e-01
3.351255367410752e-01	1.018919e-01
3.351375367410749e-01	1.013924e-01
3.351495367410746e-01	1.008643e-01
3.351615367410742e-01	1.003075e-01
3.351735367410739e-01	9.972208e-02
3.351855367410736e-01	9.910805e-02
3.351936795982162e-01	9.868144e-02
3.352018224553589e-01	9.824689e-02
3.352099653125015e-01	9.780437e-02
3.352181081696441e-01	9.735390e-02
3.352262510267868e-01	9.689547e-02
3.352343938839294e-01	9.642908e-02
3.352425367410721e-01	9.595474e-02
3.352519653125004e-01	9.539765e-02
3.352613938839287e-01	9.483447e-02
3.352708224553571e-01	9.426522e-02
3.352802510267853e-01	9.368988e-02
3.352896795982137e-01	9.310846e-02
3.352991081696420e-01	9.252096e-02
3.353085367410703e-01	9.192737e-02
3.353263938839270e-01	9.078833e-02
3.353442510267836e-01	8.964537e-02
3.353621081696403e-01	8.849848e-02
3.353799653124970e-01	8.734768e-02
3.353978224553537e-01	8.619295e-02
3.354156795982103e-01	8.503430e-02
3.354335367410670e-01	8.387173e-02
3.354558224553521e-01	8.242872e-02
3.354781081696372e-01	8.100293e-02
3.355003938839223e-01	7.959437e-02
3.355226795982074e-01	7.820303e-02
3.355449653124926e-01	7.682891e-02
3.355672510267776e-01	7.547202e-02
3.355895367410628e-01	7.413235e-02
3.355905367410628e-01	7.407306e-02
3.356238224553476e-01	7.212329e-02
3.356571081696324e-01	7.023767e-02
3.356903938839172e-01	6.841622e-02
3.357236795982020e-01	6.665892e-02
3.357569653124869e-01	6.496579e-02
3.357902510267717e-01	6.333681e-02
3.358235367410565e-01	6.177200e-02
3.358691081696267e-01	5.975167e-02
3.359146795981969e-01	5.784556e-02
3.359602510267671e-01	5.605365e-02
3.360058224553374e-01	5.437595e-02
3.360513938839076e-01	5.281245e-02
3.360969653124778e-01	5.136317e-02
3.361425367410480e-01	5.002809e-02
3.362098224553319e-01	4.825760e-02
3.362771081696158e-01	4.664267e-02
3.363443938838998e-01	4.518331e-02
3.364116795981836e-01	4.387952e-02
3.364789653124676e-01	4.273130e-02
3.365462510267515e-01	4.173865e-02
3.366135367410354e-01	4.090157e-02
3.366145367410354e-01	4.088939e-02
3.366771081696051e-01	4.019090e-02
3.367396795981749e-01	3.955505e-02
3.368022510267446e-01	3.898185e-02
3.368648224553144e-01	3.847131e-02
3.369273938838842e-01	3.802341e-02
3.369899653124539e-01	3.763816e-02
3.370525367410236e-01	3.731555e-02
3.371135367410220e-01	3.703215e-02
3.371745367410204e-01	3.677469e-02
3.372355367410187e-01	3.654318e-02
3.372965367410171e-01	3.633762e-02
3.373575367410155e-01	3.615801e-02
3.374185367410139e-01	3.600436e-02
3.374795367410122e-01	3.587665e-02
3.375021081695830e-01	3.583116e-02
3.375246795981539e-01	3.578761e-02
3.375472510267247e-01	3.574598e-02
3.375698224552955e-01	3.570628e-02
3.375923938838664e-01	3.566851e-02
3.376149653124372e-01	3.563266e-02
3.376375367410080e-01	3.559875e-02
3.376385367410080e-01	3.559727e-02
3.377141081695774e-01	3.549926e-02
3.377896795981468e-01	3.541197e-02
3.378652510267162e-01	3.533538e-02
3.379408224552856e-01	3.526952e-02
3.380163938838550e-01	3.521437e-02
3.380919653124244e-01	3.516993e-02
3.381675367409938e-01	3.513621e-02
3.382381081695633e-01	3.510756e-02
3.383086795981329e-01	3.508196e-02
3.383792510267024e-01	3.505941e-02
3.384498224552720e-01	3.503991e-02
3.385203938838415e-01	3.502346e-02
3.385909653124111e-01	3.501005e-02
3.386615367409806e-01	3.499969e-02
3.386625367409806e-01	3.499954e-02
3.388086795981195e-01	3.498341e-02
3.389548224552585e-01	3.496988e-02
3.391009653123974e-01	3.495892e-02
3.392471081695363e-01	3.495056e-02
3.393932510266753e-01	3.494478e-02
3.395393938838143e-01	3.494159e-02
3.396855367409532e-01	3.494099e-02
3.396865367409532e-01	3.494098e-02
3.407105367409258e-01	3.493570e-02
3.417345367408984e-01	3.493525e-02
3.427585367408710e-01	3.493521e-02
3.437825367408436e-01	3.493521e-02
3.448065367408162e-01	3.493521e-02
3.458305367407888e-01	3.493521e-02
3.468545367407614e-01	3.493521e-02
3.478785367407340e-01	3.493521e-02
3.489025367407066e-01	3.493521e-02
3.499265367406792e-01	3.493521e-02
3.509505367406518e-01	3.493521e-02
3.519745367406244e-01	3.493521e-02
3.529985367405970e-01	3.493521e-02
3.540225367405696e-01	3.493521e-02
3.550465367405422e-01	3.493521e-02
3.560705367405148e-01	3.493521e-02
3.570945367404874e-01	3.493521e-02
3.581185367404600e-01	3.493521e-02
3.591425367404326e-01	3.493521e-02
3.601665367404052e-01	3.493521e-02
3.611905367403778e-01	3.493521e-02
3.622145367403504e-01	3.493521e-02
3.632385367403230e-01	3.493521e-02
3.642625367402956e-01	3.493521e-02
3.652865367402682e-01	3.493521e-02
3.663105367402408e-01	3.493521e-02
3.673345367402134e-01	3.493521e-02
3.683585367401860e-01	3.493521e-02
3.693825367401586e-01	3.493521e-02
3.704065367401312e-01	3.493521e-02
3.714305367401038e-01	3.493521e-02
3.724545367400764e-01	3.493521e-02
3.734785367400490e-01	3.493521e-02
3.745025367400217e-01	3.493521e-02
3.755265367399943e-01	3.493521e-02
3.765505367399669e-01	3.493521e-02
3.775745367399395e-01	3.493521e-02
3.785985367399121e-01	3.493521e-02
3.796225367398847e-01	3.493521e-02
3.806465367398573e-01	3.493521e-02
3.816705367398299e-01	3.493521e-02
3.826945367398025e-01	3.493521e-02
3.837185367397751e-01	3.493521e-02
3.847425367397477e-01	3.493521e-02
3.857665367397203e-01	3.493521e-02
3.867905367396929e-01	3.493521e-02
3.878145367396655e-01	3.493521e-02
3.888385367396381e-01	3.493521e-02
3.898625367396107e-01	3.493521e-02
3.908865367395833e-01	3.493521e-02
3.919105367395559e-01	3.493521e-02
3.929345367395285e-01	3.493521e-02
3.939585367395011e-01	3.493521e-02
3.949825367394737e-01	3.493521e-02
3.960065367394463e-01	3.493521e-02
3.970305367394189e-01	3.493521e-02
3.980545367393915e-01	3.493521e-02
3.990785367393641e-01	3.493521e-02
4.001025367393367e-01	3.493521e-02
4.011265367393093e-01	3.493521e-02
4.019995013500026e-01	3.493521e-02
4.020000000000000e-01	3.493521e-02
