1.00000000000000e+00 -18.8869887050648 -93.0847365116707
1.25892541179417e+00 -16.8957127668493 -93.8805748982735
1.58489319246111e+00 -14.909502880329 -94.8796294810221
1.99526231496888e+00 -12.9312674505299 -96.1317236349344
2.51188643150958e+00 -10.9655351408168 -97.6968819422417
3.16227766016838e+00 -9.01928563696792 -99.6454556471117
3.98107170553497e+00 -7.10310452454356 -102.056121132536
5.01187233627272e+00 -5.23264749815901 -105.009706753942
6.30957344480194e+00 -3.43018143208281 -108.575896247082
7.94328234724282e+00 -1.72552194138133 -112.789794022451
1.00000000000000e+01 -0.15504939461786 -117.61820619794
1.25892541179417e+01 1.24285672055922 -122.923723651329
1.58489319246111e+01 2.43658592832439 -128.446501543509
1.99526231496888e+01 3.41183596723838 -133.826984285338
2.51188643150958e+01 4.17850890208078 -138.672947749585
3.16227766016838e+01 4.76976458209609 -142.64060656208
3.98107170553498e+01 5.2345803813065 -145.488770402019
5.01187233627273e+01 5.62923062619023 -147.091381039773
6.30957344480194e+01 6.01182680723575 -147.426208405039
7.94328234724283e+01 6.44003350215808 -146.566207642083
1.00000000000000e+02 6.96917768633688 -144.686853680189
1.25892541179417e+02 7.64755868085814 -142.081882557478
1.58489319246112e+02 8.50791856327066 -139.162723644996
1.99526231496888e+02 9.55801509804127 -136.417137446477
2.51188643150958e+02 10.7758750132758 -134.328712236399
3.16227766016838e+02 12.1129584656256 -133.290588387733
3.98107170553498e+02 13.5030385132079 -133.54790180711
5.01187233627273e+02 14.8723473128267 -135.174827592115
6.30957344480194e+02 16.1490953373869 -138.07239189933
7.94328234724283e+02 17.2731871780265 -141.982181384847
1.00000000000000e+03 18.2058876367647 -146.528275512678
1.25892541179417e+03 18.9358141794264 -151.2943220379
1.58489319246112e+03 19.4771938833063 -155.913165178672
1.99526231496888e+03 19.8608813106085 -160.128772334702
2.51188643150959e+03 20.1232687433927 -163.809288778141
3.16227766016839e+03 20.2980416481281 -166.92267529532
3.98107170553498e+03 20.4123236363629 -169.499749493293
5.01187233627273e+03 20.4861212397501 -171.602184930975
6.30957344480195e+03 20.5333830855025 -173.301232405883
7.94328234724283e+03 20.5634882144111 -174.665993319893
1.00000000000000e+04 20.5825984362488 -175.758106117697
1.25892541179417e+04 20.5947024513017 -176.630090283349
1.58489319246112e+04 20.6023580778616 -177.325521331311
1.99526231496889e+04 20.607195802889 -177.879988672771
2.51188643150959e+04 20.6102510613825 -178.322292070669
3.16227766016839e+04 20.6121798232267 -178.675619989576
3.98107170553498e+04 20.6133970131728 -178.958604738272
5.01187233627274e+04 20.6141648045452 -179.186224109922
6.30957344480195e+04 20.6146487033131 -179.37055343197
7.94328234724284e+04 20.614953070783 -179.521385728137
1.00000000000000e+05 20.6151435695941 -179.646741741408
1.25892541179417e+05 20.6152613049863 -179.753291301818
1.58489319246112e+05 20.615331684626 -179.846705624393
1.99526231496889e+05 20.6153698977865 -179.931957864314
2.51188643150959e+05 20.6153841919508 179.986412788191
3.16227766016839e+05 20.6153776522634 179.904059777417
3.98107170553499e+05 20.6153488672248 179.816597963064
5.01187233627274e+05 20.6152916241059 179.719370322471
6.30957344480196e+05 20.6151935684155 179.607200264437
7.94328234724285e+05 20.6150335385113 179.474116519382
1.00000000000000e+06 20.6147770012428 179.313036237879
1.25892541179417e+06 20.6143686064931 179.11538995795
1.58489319246112e+06 20.6137202612827 178.870669541898
1.99526231496889e+06 20.6126921687193 178.565877130701
2.51188643150959e+06 20.611062787948 178.184849999171
3.16227766016839e+06 20.6084813535409 177.70743376628
3.98107170553499e+06 20.6043930124766 177.108476605117
5.01187233627275e+06 20.5979211861734 176.356623879367
6.30957344480196e+06 20.5876836745483 175.412913901355
7.94328234724285e+06 20.5715075386246 174.229226637481
1.00000000000000e+07 20.5459928465228 172.746746473657
1.25892541179417e+07 20.5058593361704 170.894816302635
1.58489319246112e+07 20.4430020879647 168.590956603666
1.99526231496889e+07 20.3452069490343 165.74347938392
2.51188643150959e+07 20.1945865756753 162.259033623993
3.16227766016839e+07 19.9660799812976 158.058200885893
3.98107170553499e+07 19.626882392654 153.101660575164
5.01187233627275e+07 19.1382930315641 147.425043842809
6.30957344480196e+07 18.4614892991034 141.170621240676
7.94328234724286e+07 17.5670130075102 134.593134133201
1.00000000000001e+08 16.4443086228087 128.020353776996
1.25892541179417e+08 15.1056148583948 121.776431957832
1.58489319246112e+08 13.5814793059138 116.106950462563
1.99526231496889e+08 11.9110258097334 111.143032566156
2.51188643150959e+08 10.1326711233741 106.90988893035
3.16227766016840e+08 8.2786810155014 103.359262318144
3.98107170553499e+08 6.37357256232595 100.403630441511
5.01187233627275e+08 4.43480936549094 97.9412138532603
6.30957344480197e+08 2.47434325087747 95.8704198503322
7.94328234724286e+08 0.500186186773909 94.0963651535858
1.00000000000001e+09 -1.48229613244852 92.5325381451172
1.25892541179417e+09 -3.46940933387549 91.0998382431737
1.58489319246112e+09 -5.45840932495783 89.7243377524341
1.99526231496889e+09 -7.44694345781363 88.3344870516941
2.51188643150960e+09 -9.43256219863166 86.8581332893901
3.16227766016840e+09 -11.4122131666305 85.2195826193596
3.98107170553500e+09 -13.3816282584726 83.3369707214425
5.01187233627275e+09 -15.3345109233471 81.1204237439569
6.30957344480197e+09 -17.2614373460868 78.4719465653061
7.94328234724287e+09 -19.1484356629435 75.2887169823682
1.00000000000000e+10 -20.9753662443611 71.4724045484495
