vbe	Ie(Q1)
-8.000000000000000e-01	8.094233e-01
-7.990000000000000e-01	8.004460e-01
-7.980000000000000e-01	7.914830e-01
-7.970000000000000e-01	7.825351e-01
-7.960000000000000e-01	7.736031e-01
-7.950000000000000e-01	7.646877e-01
-7.940000000000000e-01	7.557898e-01
-7.930000000000000e-01	7.469101e-01
-7.920000000000000e-01	7.380493e-01
-7.910000000000000e-01	7.292084e-01
-7.900000000000000e-01	7.203880e-01
-7.890000000000000e-01	7.115890e-01
-7.880000000000000e-01	7.028123e-01
-7.870000000000000e-01	6.940585e-01
-7.860000000000000e-01	6.853286e-01
-7.850000000000000e-01	6.766234e-01
-7.840000000000000e-01	6.679438e-01
-7.830000000000000e-01	6.592905e-01
-7.820000000000000e-01	6.506645e-01
-7.810000000000000e-01	6.420666e-01
-7.800000000000000e-01	6.334977e-01
-7.790000000000000e-01	6.249586e-01
-7.780000000000000e-01	6.164503e-01
-7.770000000000000e-01	6.079736e-01
-7.760000000000000e-01	5.995295e-01
-7.750000000000000e-01	5.911188e-01
-7.740000000000000e-01	5.827424e-01
-7.730000000000000e-01	5.744013e-01
-7.720000000000000e-01	5.660964e-01
-7.710000000000000e-01	5.578285e-01
-7.700000000000000e-01	5.495988e-01
-7.690000000000000e-01	5.414079e-01
-7.680000000000000e-01	5.332571e-01
-7.670000000000000e-01	5.251470e-01
-7.660000000000000e-01	5.170788e-01
-7.650000000000000e-01	5.090533e-01
-7.640000000000000e-01	5.010716e-01
-7.630000000000000e-01	4.931346e-01
-7.620000000000000e-01	4.852432e-01
-7.610000000000000e-01	4.773984e-01
-7.600000000000000e-01	4.696012e-01
-7.590000000000000e-01	4.618526e-01
-7.580000000000000e-01	4.541534e-01
-7.570000000000000e-01	4.465048e-01
-7.560000000000000e-01	4.389077e-01
-7.550000000000000e-01	4.313630e-01
-7.540000000000000e-01	4.238717e-01
-7.530000000000000e-01	4.164347e-01
-7.520000000000000e-01	4.090531e-01
-7.510000000000000e-01	4.017279e-01
-7.500000000000000e-01	3.944598e-01
-7.490000000000000e-01	3.872500e-01
-7.480000000000000e-01	3.800993e-01
-7.470000000000000e-01	3.730088e-01
-7.460000000000000e-01	3.659792e-01
-7.450000000000000e-01	3.590117e-01
-7.440000000000000e-01	3.521069e-01
-7.430000000000000e-01	3.452660e-01
-7.420000000000000e-01	3.384898e-01
-7.410000000000000e-01	3.317791e-01
-7.400000000000000e-01	3.251348e-01
-7.390000000000000e-01	3.185578e-01
-7.380000000000000e-01	3.120489e-01
-7.370000000000000e-01	3.056090e-01
-7.360000000000000e-01	2.992387e-01
-7.350000000000000e-01	2.929391e-01
-7.340000000000000e-01	2.867107e-01
-7.330000000000000e-01	2.805544e-01
-7.320000000000000e-01	2.744708e-01
-7.310000000000000e-01	2.684607e-01
-7.300000000000000e-01	2.625248e-01
-7.290000000000000e-01	2.566636e-01
-7.280000000000000e-01	2.508779e-01
-7.270000000000000e-01	2.451681e-01
-7.260000000000000e-01	2.395349e-01
-7.250000000000000e-01	2.339788e-01
-7.240000000000000e-01	2.285003e-01
-7.230000000000000e-01	2.230998e-01
-7.220000000000000e-01	2.177779e-01
-7.210000000000000e-01	2.125348e-01
-7.200000000000000e-01	2.073710e-01
-7.190000000000000e-01	2.022867e-01
-7.180000000000000e-01	1.972823e-01
-7.170000000000000e-01	1.923581e-01
-7.160000000000000e-01	1.875141e-01
-7.150000000000000e-01	1.827506e-01
-7.140000000000000e-01	1.780677e-01
-7.130000000000000e-01	1.734655e-01
-7.120000000000000e-01	1.689440e-01
-7.110000000000000e-01	1.645032e-01
-7.100000000000000e-01	1.601431e-01
-7.090000000000000e-01	1.558635e-01
-7.080000000000000e-01	1.516644e-01
-7.070000000000000e-01	1.475456e-01
-7.060000000000000e-01	1.435068e-01
-7.050000000000000e-01	1.395477e-01
-7.040000000000000e-01	1.356681e-01
-7.030000000000000e-01	1.318677e-01
-7.020000000000000e-01	1.281459e-01
-7.010000000000000e-01	1.245024e-01
-7.000000000000000e-01	1.209366e-01
-6.990000000000000e-01	1.174482e-01
-6.980000000000000e-01	1.140364e-01
-6.970000000000000e-01	1.107007e-01
-6.960000000000000e-01	1.074405e-01
-6.950000000000000e-01	1.042550e-01
-6.940000000000000e-01	1.011436e-01
-6.929999999999999e-01	9.810549e-02
-6.919999999999999e-01	9.513990e-02
-6.909999999999999e-01	9.224600e-02
-6.899999999999999e-01	8.942297e-02
-6.889999999999999e-01	8.666991e-02
-6.879999999999999e-01	8.398591e-02
-6.869999999999999e-01	8.137006e-02
-6.859999999999999e-01	7.882138e-02
-6.849999999999999e-01	7.633889e-02
-6.839999999999999e-01	7.392161e-02
-6.829999999999999e-01	7.156850e-02
-6.819999999999999e-01	6.927854e-02
-6.809999999999999e-01	6.705065e-02
-6.799999999999999e-01	6.488377e-02
-6.789999999999999e-01	6.277682e-02
-6.779999999999999e-01	6.072871e-02
-6.769999999999999e-01	5.873832e-02
-6.759999999999999e-01	5.680455e-02
-6.749999999999999e-01	5.492629e-02
-6.739999999999999e-01	5.310240e-02
-6.729999999999999e-01	5.133177e-02
-6.719999999999999e-01	4.961326e-02
-6.709999999999999e-01	4.794576e-02
-6.699999999999999e-01	4.632813e-02
-6.689999999999999e-01	4.475926e-02
-6.679999999999999e-01	4.323802e-02
-6.669999999999999e-01	4.176331e-02
-6.659999999999999e-01	4.033400e-02
-6.649999999999999e-01	3.894903e-02
-6.639999999999999e-01	3.760727e-02
-6.629999999999999e-01	3.630767e-02
-6.619999999999999e-01	3.504916e-02
-6.609999999999999e-01	3.383066e-02
-6.599999999999999e-01	3.265114e-02
-6.589999999999999e-01	3.150957e-02
-6.579999999999999e-01	3.040493e-02
-6.569999999999999e-01	2.933621e-02
-6.559999999999999e-01	2.830244e-02
-6.549999999999999e-01	2.730263e-02
-6.539999999999999e-01	2.633584e-02
-6.529999999999999e-01	2.540112e-02
-6.519999999999999e-01	2.449755e-02
-6.509999999999999e-01	2.362423e-02
-6.499999999999999e-01	2.278027e-02
-6.489999999999999e-01	2.196481e-02
-6.479999999999999e-01	2.117698e-02
-6.469999999999999e-01	2.041596e-02
-6.459999999999999e-01	1.968094e-02
-6.449999999999999e-01	1.897111e-02
-6.439999999999999e-01	1.828571e-02
-6.429999999999999e-01	1.762396e-02
-6.419999999999999e-01	1.698513e-02
-6.409999999999999e-01	1.636850e-02
-6.399999999999999e-01	1.577335e-02
-6.389999999999999e-01	1.519901e-02
-6.379999999999999e-01	1.464481e-02
-6.369999999999999e-01	1.411008e-02
-6.359999999999999e-01	1.359421e-02
-6.349999999999999e-01	1.309656e-02
-6.339999999999999e-01	1.261654e-02
-6.329999999999999e-01	1.215357e-02
-6.319999999999999e-01	1.170708e-02
-6.309999999999999e-01	1.127652e-02
-6.299999999999999e-01	1.086135e-02
-6.289999999999999e-01	1.046106e-02
-6.279999999999999e-01	1.007513e-02
-6.269999999999999e-01	9.703091e-03
-6.259999999999999e-01	9.344458e-03
-6.249999999999999e-01	8.998772e-03
-6.239999999999999e-01	8.665589e-03
-6.229999999999999e-01	8.344476e-03
-6.219999999999999e-01	8.035015e-03
-6.209999999999999e-01	7.736802e-03
-6.199999999999999e-01	7.449444e-03
-6.189999999999999e-01	7.172560e-03
-6.179999999999999e-01	6.905784e-03
-6.169999999999999e-01	6.648759e-03
-6.159999999999999e-01	6.401142e-03
-6.149999999999999e-01	6.162599e-03
-6.139999999999999e-01	5.932809e-03
-6.129999999999999e-01	5.711461e-03
-6.119999999999999e-01	5.498252e-03
-6.109999999999999e-01	5.292894e-03
-6.099999999999999e-01	5.095104e-03
-6.089999999999999e-01	4.904611e-03
-6.079999999999999e-01	4.721152e-03
-6.069999999999999e-01	4.544475e-03
-6.059999999999999e-01	4.374334e-03
-6.049999999999999e-01	4.210494e-03
-6.039999999999999e-01	4.052725e-03
-6.029999999999999e-01	3.900807e-03
-6.019999999999999e-01	3.754529e-03
-6.009999999999999e-01	3.613684e-03
-5.999999999999999e-01	3.478075e-03
-5.989999999999999e-01	3.347511e-03
-5.979999999999999e-01	3.221807e-03
-5.969999999999999e-01	3.100784e-03
-5.959999999999999e-01	2.984273e-03
-5.949999999999999e-01	2.872107e-03
-5.939999999999999e-01	2.764126e-03
-5.929999999999999e-01	2.660176e-03
-5.919999999999999e-01	2.560110e-03
-5.909999999999999e-01	2.463783e-03
-5.899999999999999e-01	2.371059e-03
-5.889999999999999e-01	2.281803e-03
-5.879999999999999e-01	2.195888e-03
-5.869999999999999e-01	2.113190e-03
-5.859999999999999e-01	2.033591e-03
-5.849999999999999e-01	1.956974e-03
-5.839999999999999e-01	1.883229e-03
-5.829999999999999e-01	1.812250e-03
-5.819999999999999e-01	1.743935e-03
-5.809999999999998e-01	1.678183e-03
-5.799999999999998e-01	1.614900e-03
-5.789999999999998e-01	1.553993e-03
-5.779999999999998e-01	1.495375e-03
-5.769999999999998e-01	1.438960e-03
-5.759999999999998e-01	1.384665e-03
-5.749999999999998e-01	1.332411e-03
-5.739999999999998e-01	1.282123e-03
-5.729999999999998e-01	1.233727e-03
-5.719999999999998e-01	1.187152e-03
-5.709999999999998e-01	1.142331e-03
-5.699999999999998e-01	1.099196e-03
-5.689999999999998e-01	1.057686e-03
-5.679999999999998e-01	1.017739e-03
-5.669999999999998e-01	9.792973e-04
-5.659999999999998e-01	9.423040e-04
-5.649999999999998e-01	9.067047e-04
-5.639999999999998e-01	8.724473e-04
-5.629999999999998e-01	8.394815e-04
-5.619999999999998e-01	8.077586e-04
-5.609999999999998e-01	7.772321e-04
-5.599999999999998e-01	7.478570e-04
-5.589999999999998e-01	7.195901e-04
-5.579999999999998e-01	6.923896e-04
-5.569999999999998e-01	6.662156e-04
-5.559999999999998e-01	6.410293e-04
-5.549999999999998e-01	6.167938e-04
-5.539999999999998e-01	5.934730e-04
-5.529999999999998e-01	5.710328e-04
-5.519999999999998e-01	5.494399e-04
-5.509999999999998e-01	5.286623e-04
-5.499999999999998e-01	5.086695e-04
-5.489999999999998e-01	4.894318e-04
-5.479999999999998e-01	4.709208e-04
-5.469999999999998e-01	4.531091e-04
-5.459999999999998e-01	4.359703e-04
-5.449999999999998e-01	4.194791e-04
-5.439999999999998e-01	4.036111e-04
-5.429999999999998e-01	3.883427e-04
-5.419999999999998e-01	3.736514e-04
-5.409999999999998e-01	3.595154e-04
-5.399999999999998e-01	3.459137e-04
-5.389999999999998e-01	3.328262e-04
-5.379999999999998e-01	3.202334e-04
-5.369999999999998e-01	3.081168e-04
-5.359999999999998e-01	2.964582e-04
-5.349999999999998e-01	2.852405e-04
-5.339999999999998e-01	2.744469e-04
-5.329999999999998e-01	2.640616e-04
-5.319999999999998e-01	2.540689e-04
-5.309999999999998e-01	2.444542e-04
-5.299999999999998e-01	2.352031e-04
-5.289999999999998e-01	2.263020e-04
-5.279999999999998e-01	2.177375e-04
-5.269999999999998e-01	2.094970e-04
-5.259999999999998e-01	2.015682e-04
-5.249999999999998e-01	1.939393e-04
-5.239999999999998e-01	1.865990e-04
-5.229999999999998e-01	1.795365e-04
-5.219999999999998e-01	1.727412e-04
-5.209999999999998e-01	1.662029e-04
-5.199999999999998e-01	1.599120e-04
-5.189999999999998e-01	1.538592e-04
-5.179999999999998e-01	1.480354e-04
-5.169999999999998e-01	1.424320e-04
-5.159999999999998e-01	1.370406e-04
-5.149999999999998e-01	1.318532e-04
-5.139999999999998e-01	1.268621e-04
-5.129999999999998e-01	1.220599e-04
-5.119999999999998e-01	1.174394e-04
-5.109999999999998e-01	1.129938e-04
-5.099999999999998e-01	1.087165e-04
-5.089999999999998e-01	1.046010e-04
-5.079999999999998e-01	1.006413e-04
-5.069999999999998e-01	9.683148e-05
-5.059999999999998e-01	9.316584e-05
-5.049999999999998e-01	8.963894e-05
-5.039999999999998e-01	8.624553e-05
-5.029999999999998e-01	8.298058e-05
-5.019999999999998e-01	7.983920e-05
-5.009999999999998e-01	7.681673e-05
-4.999999999999998e-01	7.390867e-05
-4.989999999999998e-01	7.111068e-05
-4.979999999999998e-01	6.841861e-05
-4.969999999999998e-01	6.582845e-05
-4.959999999999998e-01	6.333633e-05
-4.949999999999998e-01	6.093855e-05
-4.939999999999998e-01	5.863154e-05
-4.929999999999998e-01	5.641187e-05
-4.919999999999998e-01	5.427622e-05
-4.909999999999998e-01	5.222141e-05
-4.899999999999998e-01	5.024440e-05
-4.889999999999998e-01	4.834223e-05
-4.879999999999998e-01	4.651207e-05
-4.869999999999998e-01	4.475120e-05
-4.859999999999998e-01	4.305699e-05
-4.849999999999998e-01	4.142691e-05
-4.839999999999998e-01	3.985855e-05
-4.829999999999998e-01	3.834957e-05
-4.819999999999998e-01	3.689771e-05
-4.809999999999998e-01	3.550082e-05
-4.799999999999998e-01	3.415681e-05
-4.789999999999998e-01	3.286369e-05
-4.779999999999998e-01	3.161952e-05
-4.769999999999998e-01	3.042245e-05
-4.759999999999998e-01	2.927071e-05
-4.749999999999998e-01	2.816257e-05
-4.739999999999998e-01	2.709639e-05
-4.729999999999998e-01	2.607057e-05
-4.719999999999998e-01	2.508359e-05
-4.709999999999998e-01	2.413397e-05
-4.699999999999998e-01	2.322031e-05
-4.689999999999998e-01	2.234124e-05
-4.679999999999997e-01	2.149545e-05
-4.669999999999997e-01	2.068168e-05
-4.659999999999997e-01	1.989873e-05
-4.649999999999997e-01	1.914541e-05
-4.639999999999997e-01	1.842062e-05
-4.629999999999997e-01	1.772327e-05
-4.619999999999997e-01	1.705232e-05
-4.609999999999997e-01	1.640677e-05
-4.599999999999997e-01	1.578566e-05
-4.589999999999997e-01	1.518807e-05
-4.579999999999997e-01	1.461310e-05
-4.569999999999997e-01	1.405991e-05
-4.559999999999997e-01	1.352765e-05
-4.549999999999997e-01	1.301555e-05
-4.539999999999997e-01	1.252284e-05
-4.529999999999997e-01	1.204878e-05
-4.519999999999997e-01	1.159267e-05
-4.509999999999997e-01	1.115382e-05
-4.499999999999997e-01	1.073159e-05
-4.489999999999997e-01	1.032535e-05
-4.479999999999997e-01	9.934490e-06
-4.469999999999997e-01	9.558426e-06
-4.459999999999997e-01	9.196599e-06
-4.449999999999997e-01	8.848471e-06
-4.439999999999997e-01	8.513523e-06
-4.429999999999997e-01	8.191257e-06
-4.419999999999997e-01	7.881191e-06
-4.409999999999997e-01	7.582864e-06
-4.399999999999997e-01	7.295832e-06
-4.389999999999997e-01	7.019666e-06
-4.379999999999997e-01	6.753956e-06
-4.369999999999997e-01	6.498305e-06
-4.359999999999997e-01	6.252333e-06
-4.349999999999997e-01	6.015673e-06
-4.339999999999997e-01	5.787973e-06
-4.329999999999997e-01	5.568893e-06
-4.319999999999997e-01	5.358107e-06
-4.309999999999997e-01	5.155301e-06
-4.299999999999997e-01	4.960173e-06
-4.289999999999997e-01	4.772432e-06
-4.279999999999997e-01	4.591798e-06
-4.269999999999997e-01	4.418003e-06
-4.259999999999997e-01	4.250787e-06
-4.249999999999997e-01	4.089902e-06
-4.239999999999997e-01	3.935107e-06
-4.229999999999997e-01	3.786172e-06
-4.219999999999997e-01	3.642875e-06
-4.209999999999997e-01	3.505003e-06
-4.199999999999997e-01	3.372350e-06
-4.189999999999997e-01	3.244719e-06
-4.179999999999997e-01	3.121920e-06
-4.169999999999997e-01	3.003769e-06
-4.159999999999997e-01	2.890091e-06
-4.149999999999997e-01	2.780716e-06
-4.139999999999997e-01	2.675482e-06
-4.129999999999997e-01	2.574231e-06
-4.119999999999997e-01	2.476813e-06
-4.109999999999997e-01	2.383082e-06
-4.099999999999997e-01	2.292900e-06
-4.089999999999997e-01	2.206132e-06
-4.079999999999997e-01	2.122647e-06
-4.069999999999997e-01	2.042323e-06
-4.059999999999997e-01	1.965040e-06
-4.049999999999997e-01	1.890682e-06
-4.039999999999997e-01	1.819138e-06
-4.029999999999997e-01	1.750303e-06
-4.019999999999997e-01	1.684073e-06
-4.009999999999997e-01	1.620350e-06
-4.000000000000000e-01	1.559039e-06
