vbe	Ib(Q1)
-8.000000000000000e-01	-7.284853e-03
-7.990000000000000e-01	-7.177255e-03
-7.980000000000000e-01	-7.070637e-03
-7.970000000000000e-01	-6.964996e-03
-7.960000000000000e-01	-6.860325e-03
-7.950000000000000e-01	-6.756621e-03
-7.940000000000000e-01	-6.653881e-03
-7.930000000000000e-01	-6.552098e-03
-7.920000000000000e-01	-6.451270e-03
-7.910000000000000e-01	-6.351391e-03
-7.900000000000000e-01	-6.252458e-03
-7.890000000000000e-01	-6.154467e-03
-7.880000000000000e-01	-6.057415e-03
-7.870000000000000e-01	-5.961296e-03
-7.860000000000000e-01	-5.866107e-03
-7.850000000000000e-01	-5.771845e-03
-7.840000000000000e-01	-5.678505e-03
-7.830000000000000e-01	-5.586085e-03
-7.820000000000000e-01	-5.494581e-03
-7.810000000000000e-01	-5.403989e-03
-7.800000000000000e-01	-5.314305e-03
-7.790000000000000e-01	-5.225528e-03
-7.780000000000000e-01	-5.137653e-03
-7.770000000000000e-01	-5.050676e-03
-7.760000000000000e-01	-4.964596e-03
-7.750000000000000e-01	-4.879409e-03
-7.740000000000000e-01	-4.795111e-03
-7.730000000000000e-01	-4.711701e-03
-7.720000000000000e-01	-4.629175e-03
-7.710000000000000e-01	-4.547529e-03
-7.700000000000000e-01	-4.466763e-03
-7.690000000000000e-01	-4.386873e-03
-7.680000000000000e-01	-4.307855e-03
-7.670000000000000e-01	-4.229709e-03
-7.660000000000000e-01	-4.152430e-03
-7.650000000000000e-01	-4.076017e-03
-7.640000000000000e-01	-4.000467e-03
-7.630000000000000e-01	-3.925778e-03
-7.620000000000000e-01	-3.851946e-03
-7.610000000000000e-01	-3.778972e-03
-7.600000000000000e-01	-3.706851e-03
-7.590000000000000e-01	-3.635582e-03
-7.580000000000000e-01	-3.565162e-03
-7.570000000000000e-01	-3.495589e-03
-7.560000000000000e-01	-3.426861e-03
-7.550000000000000e-01	-3.358977e-03
-7.540000000000000e-01	-3.291933e-03
-7.530000000000000e-01	-3.225728e-03
-7.520000000000000e-01	-3.160360e-03
-7.510000000000000e-01	-3.095827e-03
-7.500000000000000e-01	-3.032126e-03
-7.490000000000000e-01	-2.969256e-03
-7.480000000000000e-01	-2.907214e-03
-7.470000000000000e-01	-2.845999e-03
-7.460000000000000e-01	-2.785608e-03
-7.450000000000000e-01	-2.726039e-03
-7.440000000000000e-01	-2.667291e-03
-7.430000000000000e-01	-2.609361e-03
-7.420000000000000e-01	-2.552247e-03
-7.410000000000000e-01	-2.495947e-03
-7.400000000000000e-01	-2.440458e-03
-7.390000000000000e-01	-2.385778e-03
-7.380000000000000e-01	-2.331905e-03
-7.370000000000000e-01	-2.278837e-03
-7.360000000000000e-01	-2.226571e-03
-7.350000000000000e-01	-2.175104e-03
-7.340000000000000e-01	-2.124435e-03
-7.330000000000000e-01	-2.074559e-03
-7.320000000000000e-01	-2.025475e-03
-7.310000000000000e-01	-1.977179e-03
-7.300000000000000e-01	-1.929670e-03
-7.290000000000000e-01	-1.882942e-03
-7.280000000000000e-01	-1.836994e-03
-7.270000000000000e-01	-1.791822e-03
-7.260000000000000e-01	-1.747423e-03
-7.250000000000000e-01	-1.703793e-03
-7.240000000000000e-01	-1.660928e-03
-7.230000000000000e-01	-1.618825e-03
-7.220000000000000e-01	-1.577479e-03
-7.210000000000000e-01	-1.536887e-03
-7.200000000000000e-01	-1.497045e-03
-7.190000000000000e-01	-1.457947e-03
-7.180000000000000e-01	-1.419589e-03
-7.170000000000000e-01	-1.381967e-03
-7.160000000000000e-01	-1.345075e-03
-7.150000000000000e-01	-1.308909e-03
-7.140000000000000e-01	-1.273463e-03
-7.130000000000000e-01	-1.238732e-03
-7.120000000000000e-01	-1.204711e-03
-7.110000000000000e-01	-1.171392e-03
-7.100000000000000e-01	-1.138771e-03
-7.090000000000000e-01	-1.106841e-03
-7.080000000000000e-01	-1.075597e-03
-7.070000000000000e-01	-1.045030e-03
-7.060000000000000e-01	-1.015136e-03
-7.050000000000000e-01	-9.859063e-04
-7.040000000000000e-01	-9.573346e-04
-7.030000000000000e-01	-9.294135e-04
-7.020000000000000e-01	-9.021357e-04
-7.010000000000000e-01	-8.754936e-04
-7.000000000000000e-01	-8.494796e-04
-6.990000000000000e-01	-8.240858e-04
-6.980000000000000e-01	-7.993042e-04
-6.970000000000000e-01	-7.751267e-04
-6.960000000000000e-01	-7.515449e-04
-6.950000000000000e-01	-7.285505e-04
-6.940000000000000e-01	-7.061349e-04
-6.929999999999999e-01	-6.842894e-04
-6.919999999999999e-01	-6.630054e-04
-6.909999999999999e-01	-6.422739e-04
-6.899999999999999e-01	-6.220859e-04
-6.889999999999999e-01	-6.024325e-04
-6.879999999999999e-01	-5.833046e-04
-6.869999999999999e-01	-5.646928e-04
-6.859999999999999e-01	-5.465881e-04
-6.849999999999999e-01	-5.289810e-04
-6.839999999999999e-01	-5.118623e-04
-6.829999999999999e-01	-4.952227e-04
-6.819999999999999e-01	-4.790527e-04
-6.809999999999999e-01	-4.633429e-04
-6.799999999999999e-01	-4.480841e-04
-6.789999999999999e-01	-4.332666e-04
-6.779999999999999e-01	-4.188813e-04
-6.769999999999999e-01	-4.049188e-04
-6.759999999999999e-01	-3.913697e-04
-6.749999999999999e-01	-3.782249e-04
-6.739999999999999e-01	-3.654750e-04
-6.729999999999999e-01	-3.531110e-04
-6.719999999999999e-01	-3.411237e-04
-6.709999999999999e-01	-3.295041e-04
-6.699999999999999e-01	-3.182433e-04
-6.689999999999999e-01	-3.073324e-04
-6.679999999999999e-01	-2.967627e-04
-6.669999999999999e-01	-2.865255e-04
-6.659999999999999e-01	-2.766122e-04
-6.649999999999999e-01	-2.670145e-04
-6.639999999999999e-01	-2.577239e-04
-6.629999999999999e-01	-2.487324e-04
-6.619999999999999e-01	-2.400317e-04
-6.609999999999999e-01	-2.316139e-04
-6.599999999999999e-01	-2.234712e-04
-6.589999999999999e-01	-2.155959e-04
-6.579999999999999e-01	-2.079804e-04
-6.569999999999999e-01	-2.006173e-04
-6.559999999999999e-01	-1.934994e-04
-6.549999999999999e-01	-1.866195e-04
-6.539999999999999e-01	-1.799705e-04
-6.529999999999999e-01	-1.735457e-04
-6.519999999999999e-01	-1.673383e-04
-6.509999999999999e-01	-1.613418e-04
-6.499999999999999e-01	-1.555498e-04
-6.489999999999999e-01	-1.499560e-04
-6.479999999999999e-01	-1.445542e-04
-6.469999999999999e-01	-1.393386e-04
-6.459999999999999e-01	-1.343032e-04
-6.449999999999999e-01	-1.294424e-04
-6.439999999999999e-01	-1.247507e-04
-6.429999999999999e-01	-1.202226e-04
-6.419999999999999e-01	-1.158529e-04
-6.409999999999999e-01	-1.116364e-04
-6.399999999999999e-01	-1.075683e-04
-6.389999999999999e-01	-1.036435e-04
-6.379999999999999e-01	-9.985753e-05
-6.369999999999999e-01	-9.620567e-05
-6.359999999999999e-01	-9.268347e-05
-6.349999999999999e-01	-8.928663e-05
-6.339999999999999e-01	-8.601095e-05
-6.329999999999999e-01	-8.285234e-05
-6.319999999999999e-01	-7.980685e-05
-6.309999999999999e-01	-7.687063e-05
-6.299999999999999e-01	-7.403997e-05
-6.289999999999999e-01	-7.131125e-05
-6.279999999999999e-01	-6.868096e-05
-6.269999999999999e-01	-6.614572e-05
-6.259999999999999e-01	-6.370225e-05
-6.249999999999999e-01	-6.134735e-05
-6.239999999999999e-01	-5.907794e-05
-6.229999999999999e-01	-5.689104e-05
-6.219999999999999e-01	-5.478376e-05
-6.209999999999999e-01	-5.275330e-05
-6.199999999999999e-01	-5.079696e-05
-6.189999999999999e-01	-4.891212e-05
-6.179999999999999e-01	-4.709624e-05
-6.169999999999999e-01	-4.534689e-05
-6.159999999999999e-01	-4.366170e-05
-6.149999999999999e-01	-4.203837e-05
-6.139999999999999e-01	-4.047470e-05
-6.129999999999999e-01	-3.896856e-05
-6.119999999999999e-01	-3.751787e-05
-6.109999999999999e-01	-3.612065e-05
-6.099999999999999e-01	-3.477496e-05
-6.089999999999999e-01	-3.347895e-05
-6.079999999999999e-01	-3.223083e-05
-6.069999999999999e-01	-3.102886e-05
-6.059999999999999e-01	-2.987137e-05
-6.049999999999999e-01	-2.875674e-05
-6.039999999999999e-01	-2.768341e-05
-6.029999999999999e-01	-2.664988e-05
-6.019999999999999e-01	-2.565469e-05
-6.009999999999999e-01	-2.469645e-05
-5.999999999999999e-01	-2.377381e-05
-5.989999999999999e-01	-2.288546e-05
-5.979999999999999e-01	-2.203014e-05
-5.969999999999999e-01	-2.120664e-05
-5.959999999999999e-01	-2.041380e-05
-5.949999999999999e-01	-1.965048e-05
-5.939999999999999e-01	-1.891561e-05
-5.929999999999999e-01	-1.820812e-05
-5.919999999999999e-01	-1.752701e-05
-5.909999999999999e-01	-1.687131e-05
-5.899999999999999e-01	-1.624008e-05
-5.889999999999999e-01	-1.563241e-05
-5.879999999999999e-01	-1.504743e-05
-5.869999999999999e-01	-1.448430e-05
-5.859999999999999e-01	-1.394221e-05
-5.849999999999999e-01	-1.342038e-05
-5.839999999999999e-01	-1.291806e-05
-5.829999999999999e-01	-1.243453e-05
-5.819999999999999e-01	-1.196908e-05
-5.809999999999998e-01	-1.152104e-05
-5.799999999999998e-01	-1.108977e-05
-5.789999999999998e-01	-1.067464e-05
-5.779999999999998e-01	-1.027505e-05
-5.769999999999998e-01	-9.890426e-06
-5.759999999999998e-01	-9.520201e-06
-5.749999999999998e-01	-9.163844e-06
-5.739999999999998e-01	-8.820835e-06
-5.729999999999998e-01	-8.490677e-06
-5.719999999999998e-01	-8.172890e-06
-5.709999999999998e-01	-7.867012e-06
-5.699999999999998e-01	-7.572597e-06
-5.689999999999998e-01	-7.289218e-06
-5.679999999999998e-01	-7.016461e-06
-5.669999999999998e-01	-6.753929e-06
-5.659999999999998e-01	-6.501239e-06
-5.649999999999998e-01	-6.258024e-06
-5.639999999999998e-01	-6.023929e-06
-5.629999999999998e-01	-5.798611e-06
-5.619999999999998e-01	-5.581743e-06
-5.609999999999998e-01	-5.373007e-06
-5.599999999999998e-01	-5.172099e-06
-5.589999999999998e-01	-4.978726e-06
-5.579999999999998e-01	-4.792605e-06
-5.569999999999998e-01	-4.613463e-06
-5.559999999999998e-01	-4.441041e-06
-5.549999999999998e-01	-4.275084e-06
-5.539999999999998e-01	-4.115352e-06
-5.529999999999998e-01	-3.961610e-06
-5.519999999999998e-01	-3.813633e-06
-5.509999999999998e-01	-3.671206e-06
-5.499999999999998e-01	-3.534120e-06
-5.489999999999998e-01	-3.402174e-06
-5.479999999999998e-01	-3.275175e-06
-5.469999999999998e-01	-3.152938e-06
-5.459999999999998e-01	-3.035284e-06
-5.449999999999998e-01	-2.922041e-06
-5.439999999999998e-01	-2.813043e-06
-5.429999999999998e-01	-2.708131e-06
-5.419999999999998e-01	-2.607152e-06
-5.409999999999998e-01	-2.509957e-06
-5.399999999999998e-01	-2.416404e-06
-5.389999999999998e-01	-2.326357e-06
-5.379999999999998e-01	-2.239684e-06
-5.369999999999998e-01	-2.156259e-06
-5.359999999999998e-01	-2.075958e-06
-5.349999999999998e-01	-1.998666e-06
-5.339999999999998e-01	-1.924269e-06
-5.329999999999998e-01	-1.852658e-06
-5.319999999999998e-01	-1.783728e-06
-5.309999999999998e-01	-1.717379e-06
-5.299999999999998e-01	-1.653514e-06
-5.289999999999998e-01	-1.592039e-06
-5.279999999999998e-01	-1.532865e-06
-5.269999999999998e-01	-1.475906e-06
-5.259999999999998e-01	-1.421078e-06
-5.249999999999998e-01	-1.368300e-06
-5.239999999999998e-01	-1.317497e-06
-5.229999999999998e-01	-1.268594e-06
-5.219999999999998e-01	-1.221520e-06
-5.209999999999998e-01	-1.176205e-06
-5.199999999999998e-01	-1.132585e-06
-5.189999999999998e-01	-1.090595e-06
-5.179999999999998e-01	-1.050173e-06
-5.169999999999998e-01	-1.011262e-06
-5.159999999999998e-01	-9.738047e-07
-5.149999999999998e-01	-9.377462e-07
-5.139999999999998e-01	-9.030340e-07
-5.129999999999998e-01	-8.696178e-07
-5.119999999999998e-01	-8.374489e-07
-5.109999999999998e-01	-8.064804e-07
-5.099999999999998e-01	-7.766674e-07
-5.089999999999998e-01	-7.479665e-07
-5.079999999999998e-01	-7.203360e-07
-5.069999999999998e-01	-6.937358e-07
-5.059999999999998e-01	-6.681271e-07
-5.049999999999998e-01	-6.434730e-07
-5.039999999999998e-01	-6.197374e-07
-5.029999999999998e-01	-5.968861e-07
-5.019999999999998e-01	-5.748859e-07
-5.009999999999998e-01	-5.537048e-07
-4.999999999999998e-01	-5.333122e-07
-4.989999999999998e-01	-5.136786e-07
-4.979999999999998e-01	-4.947755e-07
-4.969999999999998e-01	-4.765756e-07
-4.959999999999998e-01	-4.590524e-07
-4.949999999999998e-01	-4.421808e-07
-4.939999999999998e-01	-4.259362e-07
-4.929999999999998e-01	-4.102953e-07
-4.919999999999998e-01	-3.952353e-07
-4.909999999999998e-01	-3.807347e-07
-4.899999999999998e-01	-3.667724e-07
-4.889999999999998e-01	-3.533283e-07
-4.879999999999998e-01	-3.403831e-07
-4.869999999999998e-01	-3.279180e-07
-4.859999999999998e-01	-3.159152e-07
-4.849999999999998e-01	-3.043573e-07
-4.839999999999998e-01	-2.932278e-07
-4.829999999999998e-01	-2.825105e-07
-4.819999999999998e-01	-2.721902e-07
-4.809999999999998e-01	-2.622520e-07
-4.799999999999998e-01	-2.526816e-07
-4.789999999999998e-01	-2.434653e-07
-4.779999999999998e-01	-2.345898e-07
-4.769999999999998e-01	-2.260425e-07
-4.759999999999998e-01	-2.178111e-07
-4.749999999999998e-01	-2.098838e-07
-4.739999999999998e-01	-2.022493e-07
-4.729999999999998e-01	-1.948967e-07
-4.719999999999998e-01	-1.878154e-07
-4.709999999999998e-01	-1.809953e-07
-4.699999999999998e-01	-1.744268e-07
-4.689999999999998e-01	-1.681004e-07
-4.679999999999997e-01	-1.620071e-07
-4.669999999999997e-01	-1.561383e-07
-4.659999999999997e-01	-1.504855e-07
-4.649999999999997e-01	-1.450408e-07
-4.639999999999997e-01	-1.397964e-07
-4.629999999999997e-01	-1.347448e-07
-4.619999999999997e-01	-1.298789e-07
-4.609999999999997e-01	-1.251918e-07
-4.599999999999997e-01	-1.206769e-07
-4.589999999999997e-01	-1.163276e-07
-4.579999999999997e-01	-1.121380e-07
-4.569999999999997e-01	-1.081020e-07
-4.559999999999997e-01	-1.042140e-07
-4.549999999999997e-01	-1.004684e-07
-4.539999999999997e-01	-9.686005e-08
-4.529999999999997e-01	-9.338375e-08
-4.519999999999997e-01	-9.003465e-08
-4.509999999999997e-01	-8.680803e-08
-4.499999999999997e-01	-8.369935e-08
-4.489999999999997e-01	-8.070424e-08
-4.479999999999997e-01	-7.781850e-08
-4.469999999999997e-01	-7.503808e-08
-4.459999999999997e-01	-7.235908e-08
-4.449999999999997e-01	-6.977775e-08
-4.439999999999997e-01	-6.729048e-08
-4.429999999999997e-01	-6.489379e-08
-4.419999999999997e-01	-6.258434e-08
-4.409999999999997e-01	-6.035890e-08
-4.399999999999997e-01	-5.821437e-08
-4.389999999999997e-01	-5.614776e-08
-4.379999999999997e-01	-5.415621e-08
-4.369999999999997e-01	-5.223693e-08
-4.359999999999997e-01	-5.038727e-08
-4.349999999999997e-01	-4.860467e-08
-4.339999999999997e-01	-4.688664e-08
-4.329999999999997e-01	-4.523082e-08
-4.319999999999997e-01	-4.363491e-08
-4.309999999999997e-01	-4.209670e-08
-4.299999999999997e-01	-4.061409e-08
-4.289999999999997e-01	-3.918502e-08
-4.279999999999997e-01	-3.780752e-08
-4.269999999999997e-01	-3.647970e-08
-4.259999999999997e-01	-3.519975e-08
-4.249999999999997e-01	-3.396589e-08
-4.239999999999997e-01	-3.277645e-08
-4.229999999999997e-01	-3.162979e-08
-4.219999999999997e-01	-3.052433e-08
-4.209999999999997e-01	-2.945859e-08
-4.199999999999997e-01	-2.843110e-08
-4.189999999999997e-01	-2.744046e-08
-4.179999999999997e-01	-2.648532e-08
-4.169999999999997e-01	-2.556438e-08
-4.159999999999997e-01	-2.467641e-08
-4.149999999999997e-01	-2.382018e-08
-4.139999999999997e-01	-2.299455e-08
-4.129999999999997e-01	-2.219840e-08
-4.119999999999997e-01	-2.143065e-08
-4.109999999999997e-01	-2.069026e-08
-4.099999999999997e-01	-1.997625e-08
-4.089999999999997e-01	-1.928765e-08
-4.079999999999997e-01	-1.862353e-08
-4.069999999999997e-01	-1.798301e-08
-4.059999999999997e-01	-1.736523e-08
-4.049999999999997e-01	-1.676936e-08
-4.039999999999997e-01	-1.619461e-08
-4.029999999999997e-01	-1.564021e-08
-4.019999999999997e-01	-1.510542e-08
-4.009999999999997e-01	-1.458954e-08
-4.000000000000000e-01	-1.409187e-08
