vce	Ie(Q1)
-4.000000000000000e+00	1.643786e-03
-3.990000000000000e+00	1.643365e-03
-3.980000000000000e+00	1.642944e-03
-3.970000000000001e+00	1.642524e-03
-3.960000000000001e+00	1.642103e-03
-3.950000000000001e+00	1.641683e-03
-3.940000000000001e+00	1.641262e-03
-3.930000000000001e+00	1.640841e-03
-3.920000000000002e+00	1.640421e-03
-3.910000000000002e+00	1.640000e-03
-3.900000000000002e+00	1.639580e-03
-3.890000000000002e+00	1.639159e-03
-3.880000000000003e+00	1.638739e-03
-3.870000000000003e+00	1.638318e-03
-3.860000000000003e+00	1.637897e-03
-3.850000000000003e+00	1.637477e-03
-3.840000000000003e+00	1.637056e-03
-3.830000000000004e+00	1.636636e-03
-3.820000000000004e+00	1.636215e-03
-3.810000000000004e+00	1.635795e-03
-3.800000000000004e+00	1.635374e-03
-3.790000000000004e+00	1.634953e-03
-3.780000000000005e+00	1.634533e-03
-3.770000000000005e+00	1.634112e-03
-3.760000000000005e+00	1.633692e-03
-3.750000000000005e+00	1.633271e-03
-3.740000000000006e+00	1.632851e-03
-3.730000000000006e+00	1.632430e-03
-3.720000000000006e+00	1.632009e-03
-3.710000000000006e+00	1.631589e-03
-3.700000000000006e+00	1.631168e-03
-3.690000000000007e+00	1.630748e-03
-3.680000000000007e+00	1.630327e-03
-3.670000000000007e+00	1.629907e-03
-3.660000000000007e+00	1.629486e-03
-3.650000000000007e+00	1.629065e-03
-3.640000000000008e+00	1.628645e-03
-3.630000000000008e+00	1.628224e-03
-3.620000000000008e+00	1.627804e-03
-3.610000000000008e+00	1.627383e-03
-3.600000000000009e+00	1.626963e-03
-3.590000000000009e+00	1.626542e-03
-3.580000000000009e+00	1.626121e-03
-3.570000000000009e+00	1.625701e-03
-3.560000000000009e+00	1.625280e-03
-3.550000000000010e+00	1.624860e-03
-3.540000000000010e+00	1.624439e-03
-3.530000000000010e+00	1.624019e-03
-3.520000000000010e+00	1.623598e-03
-3.510000000000010e+00	1.623177e-03
-3.500000000000011e+00	1.622757e-03
-3.490000000000011e+00	1.622336e-03
-3.480000000000011e+00	1.621916e-03
-3.470000000000011e+00	1.621495e-03
-3.460000000000012e+00	1.621075e-03
-3.450000000000012e+00	1.620654e-03
-3.440000000000012e+00	1.620233e-03
-3.430000000000012e+00	1.619813e-03
-3.420000000000012e+00	1.619392e-03
-3.410000000000013e+00	1.618972e-03
-3.400000000000013e+00	1.618551e-03
-3.390000000000013e+00	1.618130e-03
-3.380000000000013e+00	1.617710e-03
-3.370000000000013e+00	1.617289e-03
-3.360000000000014e+00	1.616869e-03
-3.350000000000014e+00	1.616448e-03
-3.340000000000014e+00	1.616028e-03
-3.330000000000014e+00	1.615607e-03
-3.320000000000014e+00	1.615186e-03
-3.310000000000015e+00	1.614766e-03
-3.300000000000015e+00	1.614345e-03
-3.290000000000015e+00	1.613925e-03
-3.280000000000015e+00	1.613504e-03
-3.270000000000016e+00	1.613084e-03
-3.260000000000016e+00	1.612663e-03
-3.250000000000016e+00	1.612242e-03
-3.240000000000016e+00	1.611822e-03
-3.230000000000016e+00	1.611401e-03
-3.220000000000017e+00	1.610981e-03
-3.210000000000017e+00	1.610560e-03
-3.200000000000017e+00	1.610140e-03
-3.190000000000017e+00	1.609719e-03
-3.180000000000017e+00	1.609298e-03
-3.170000000000018e+00	1.608878e-03
-3.160000000000018e+00	1.608457e-03
-3.150000000000018e+00	1.608037e-03
-3.140000000000018e+00	1.607616e-03
-3.130000000000019e+00	1.607195e-03
-3.120000000000019e+00	1.606775e-03
-3.110000000000019e+00	1.606354e-03
-3.100000000000019e+00	1.605934e-03
-3.090000000000019e+00	1.605513e-03
-3.080000000000020e+00	1.605093e-03
-3.070000000000020e+00	1.604672e-03
-3.060000000000020e+00	1.604251e-03
-3.050000000000020e+00	1.603831e-03
-3.040000000000020e+00	1.603410e-03
-3.030000000000021e+00	1.602990e-03
-3.020000000000021e+00	1.602569e-03
-3.010000000000021e+00	1.602149e-03
-3.000000000000021e+00	1.601728e-03
-2.990000000000022e+00	1.601307e-03
-2.980000000000022e+00	1.600887e-03
-2.970000000000022e+00	1.600466e-03
-2.960000000000022e+00	1.600046e-03
-2.950000000000022e+00	1.599625e-03
-2.940000000000023e+00	1.599205e-03
-2.930000000000023e+00	1.598784e-03
-2.920000000000023e+00	1.598363e-03
-2.910000000000023e+00	1.597943e-03
-2.900000000000023e+00	1.597522e-03
-2.890000000000024e+00	1.597102e-03
-2.880000000000024e+00	1.596681e-03
-2.870000000000024e+00	1.596261e-03
-2.860000000000024e+00	1.595840e-03
-2.850000000000025e+00	1.595419e-03
-2.840000000000025e+00	1.594999e-03
-2.830000000000025e+00	1.594578e-03
-2.820000000000025e+00	1.594158e-03
-2.810000000000025e+00	1.593737e-03
-2.800000000000026e+00	1.593317e-03
-2.790000000000026e+00	1.592896e-03
-2.780000000000026e+00	1.592475e-03
-2.770000000000026e+00	1.592055e-03
-2.760000000000026e+00	1.591634e-03
-2.750000000000027e+00	1.591214e-03
-2.740000000000027e+00	1.590793e-03
-2.730000000000027e+00	1.590373e-03
-2.720000000000027e+00	1.589952e-03
-2.710000000000027e+00	1.589531e-03
-2.700000000000028e+00	1.589111e-03
-2.690000000000028e+00	1.588690e-03
-2.680000000000028e+00	1.588270e-03
-2.670000000000028e+00	1.587849e-03
-2.660000000000029e+00	1.587429e-03
-2.650000000000029e+00	1.587008e-03
-2.640000000000029e+00	1.586587e-03
-2.630000000000029e+00	1.586167e-03
-2.620000000000029e+00	1.585746e-03
-2.610000000000030e+00	1.585326e-03
-2.600000000000030e+00	1.584905e-03
-2.590000000000030e+00	1.584484e-03
-2.580000000000030e+00	1.584064e-03
-2.570000000000030e+00	1.583643e-03
-2.560000000000031e+00	1.583223e-03
-2.550000000000031e+00	1.582802e-03
-2.540000000000031e+00	1.582382e-03
-2.530000000000031e+00	1.581961e-03
-2.520000000000032e+00	1.581540e-03
-2.510000000000032e+00	1.581120e-03
-2.500000000000032e+00	1.580699e-03
-2.490000000000032e+00	1.580279e-03
-2.480000000000032e+00	1.579858e-03
-2.470000000000033e+00	1.579438e-03
-2.460000000000033e+00	1.579017e-03
-2.450000000000033e+00	1.578596e-03
-2.440000000000033e+00	1.578176e-03
-2.430000000000033e+00	1.577755e-03
-2.420000000000034e+00	1.577335e-03
-2.410000000000034e+00	1.576914e-03
-2.400000000000034e+00	1.576493e-03
-2.390000000000034e+00	1.576073e-03
-2.380000000000035e+00	1.575652e-03
-2.370000000000035e+00	1.575232e-03
-2.360000000000035e+00	1.574811e-03
-2.350000000000035e+00	1.574391e-03
-2.340000000000035e+00	1.573970e-03
-2.330000000000036e+00	1.573549e-03
-2.320000000000036e+00	1.573129e-03
-2.310000000000036e+00	1.572708e-03
-2.300000000000036e+00	1.572288e-03
-2.290000000000036e+00	1.571867e-03
-2.280000000000037e+00	1.571447e-03
-2.270000000000037e+00	1.571026e-03
-2.260000000000037e+00	1.570605e-03
-2.250000000000037e+00	1.570185e-03
-2.240000000000038e+00	1.569764e-03
-2.230000000000038e+00	1.569344e-03
-2.220000000000038e+00	1.568923e-03
-2.210000000000038e+00	1.568503e-03
-2.200000000000038e+00	1.568082e-03
-2.190000000000039e+00	1.567661e-03
-2.180000000000039e+00	1.567241e-03
-2.170000000000039e+00	1.566820e-03
-2.160000000000039e+00	1.566400e-03
-2.150000000000039e+00	1.565979e-03
-2.140000000000040e+00	1.565558e-03
-2.130000000000040e+00	1.565138e-03
-2.120000000000040e+00	1.564717e-03
-2.110000000000040e+00	1.564297e-03
-2.100000000000041e+00	1.563876e-03
-2.090000000000041e+00	1.563456e-03
-2.080000000000041e+00	1.563035e-03
-2.070000000000041e+00	1.562614e-03
-2.060000000000041e+00	1.562194e-03
-2.050000000000042e+00	1.561773e-03
-2.040000000000042e+00	1.561353e-03
-2.030000000000042e+00	1.560932e-03
-2.020000000000042e+00	1.560512e-03
-2.010000000000042e+00	1.560091e-03
-2.000000000000043e+00	1.559670e-03
-1.990000000000043e+00	1.559250e-03
-1.980000000000043e+00	1.558829e-03
-1.970000000000043e+00	1.558409e-03
-1.960000000000043e+00	1.557988e-03
-1.950000000000043e+00	1.557568e-03
-1.940000000000043e+00	1.557147e-03
-1.930000000000043e+00	1.556726e-03
-1.920000000000043e+00	1.556306e-03
-1.910000000000043e+00	1.555885e-03
-1.900000000000043e+00	1.555465e-03
-1.890000000000043e+00	1.555044e-03
-1.880000000000043e+00	1.554624e-03
-1.870000000000043e+00	1.554203e-03
-1.860000000000043e+00	1.553782e-03
-1.850000000000042e+00	1.553362e-03
-1.840000000000042e+00	1.552941e-03
-1.830000000000042e+00	1.552521e-03
-1.820000000000042e+00	1.552100e-03
-1.810000000000042e+00	1.551680e-03
-1.800000000000042e+00	1.551259e-03
-1.790000000000042e+00	1.550838e-03
-1.780000000000042e+00	1.550418e-03
-1.770000000000042e+00	1.549997e-03
-1.760000000000042e+00	1.549577e-03
-1.750000000000042e+00	1.549156e-03
-1.740000000000042e+00	1.548736e-03
-1.730000000000042e+00	1.548315e-03
-1.720000000000042e+00	1.547894e-03
-1.710000000000042e+00	1.547474e-03
-1.700000000000042e+00	1.547053e-03
-1.690000000000042e+00	1.546633e-03
-1.680000000000042e+00	1.546212e-03
-1.670000000000042e+00	1.545792e-03
-1.660000000000042e+00	1.545371e-03
-1.650000000000042e+00	1.544950e-03
-1.640000000000042e+00	1.544530e-03
-1.630000000000042e+00	1.544109e-03
-1.620000000000042e+00	1.543689e-03
-1.610000000000042e+00	1.543268e-03
-1.600000000000042e+00	1.542847e-03
-1.590000000000042e+00	1.542427e-03
-1.580000000000042e+00	1.542006e-03
-1.570000000000042e+00	1.541586e-03
-1.560000000000042e+00	1.541165e-03
-1.550000000000042e+00	1.540745e-03
-1.540000000000042e+00	1.540324e-03
-1.530000000000042e+00	1.539903e-03
-1.520000000000042e+00	1.539483e-03
-1.510000000000042e+00	1.539062e-03
-1.500000000000042e+00	1.538642e-03
-1.490000000000042e+00	1.538221e-03
-1.480000000000042e+00	1.537801e-03
-1.470000000000042e+00	1.537380e-03
-1.460000000000042e+00	1.536959e-03
-1.450000000000042e+00	1.536539e-03
-1.440000000000042e+00	1.536118e-03
-1.430000000000042e+00	1.535698e-03
-1.420000000000042e+00	1.535277e-03
-1.410000000000042e+00	1.534857e-03
-1.400000000000042e+00	1.534436e-03
-1.390000000000042e+00	1.534015e-03
-1.380000000000042e+00	1.533595e-03
-1.370000000000042e+00	1.533174e-03
-1.360000000000042e+00	1.532754e-03
-1.350000000000042e+00	1.532333e-03
-1.340000000000042e+00	1.531912e-03
-1.330000000000042e+00	1.531492e-03
-1.320000000000042e+00	1.531071e-03
-1.310000000000042e+00	1.530651e-03
-1.300000000000042e+00	1.530230e-03
-1.290000000000042e+00	1.529810e-03
-1.280000000000042e+00	1.529389e-03
-1.270000000000042e+00	1.528968e-03
-1.260000000000042e+00	1.528548e-03
-1.250000000000042e+00	1.528127e-03
-1.240000000000042e+00	1.527707e-03
-1.230000000000042e+00	1.527286e-03
-1.220000000000042e+00	1.526866e-03
-1.210000000000042e+00	1.526445e-03
-1.200000000000042e+00	1.526024e-03
-1.190000000000042e+00	1.525604e-03
-1.180000000000042e+00	1.525183e-03
-1.170000000000042e+00	1.524763e-03
-1.160000000000042e+00	1.524342e-03
-1.150000000000042e+00	1.523922e-03
-1.140000000000042e+00	1.523501e-03
-1.130000000000042e+00	1.523080e-03
-1.120000000000042e+00	1.522660e-03
-1.110000000000042e+00	1.522239e-03
-1.100000000000042e+00	1.521819e-03
-1.090000000000042e+00	1.521398e-03
-1.080000000000042e+00	1.520978e-03
-1.070000000000042e+00	1.520557e-03
-1.060000000000042e+00	1.520136e-03
-1.050000000000042e+00	1.519716e-03
-1.040000000000042e+00	1.519295e-03
-1.030000000000042e+00	1.518875e-03
-1.020000000000042e+00	1.518454e-03
-1.010000000000042e+00	1.518034e-03
-1.000000000000042e+00	1.517613e-03
-9.900000000000417e-01	1.517192e-03
-9.800000000000417e-01	1.516772e-03
-9.700000000000417e-01	1.516351e-03
-9.600000000000417e-01	1.515931e-03
-9.500000000000417e-01	1.515510e-03
-9.400000000000417e-01	1.515090e-03
-9.300000000000417e-01	1.514669e-03
-9.200000000000417e-01	1.514248e-03
-9.100000000000417e-01	1.513828e-03
-9.000000000000417e-01	1.513407e-03
-8.900000000000416e-01	1.512987e-03
-8.800000000000416e-01	1.512566e-03
-8.700000000000416e-01	1.512146e-03
-8.600000000000416e-01	1.511725e-03
-8.500000000000416e-01	1.511304e-03
-8.400000000000416e-01	1.510884e-03
-8.300000000000416e-01	1.510463e-03
-8.200000000000416e-01	1.510043e-03
-8.100000000000416e-01	1.509622e-03
-8.000000000000416e-01	1.509201e-03
-7.900000000000416e-01	1.508781e-03
-7.800000000000415e-01	1.508360e-03
-7.700000000000415e-01	1.507940e-03
-7.600000000000415e-01	1.507519e-03
-7.500000000000415e-01	1.507099e-03
-7.400000000000415e-01	1.506678e-03
-7.300000000000415e-01	1.506257e-03
-7.200000000000415e-01	1.505837e-03
-7.100000000000415e-01	1.505416e-03
-7.000000000000415e-01	1.504996e-03
-6.900000000000415e-01	1.504575e-03
-6.800000000000415e-01	1.504155e-03
-6.700000000000415e-01	1.503734e-03
-6.600000000000414e-01	1.503313e-03
-6.500000000000414e-01	1.502893e-03
-6.400000000000414e-01	1.502472e-03
-6.300000000000414e-01	1.502051e-03
-6.200000000000414e-01	1.501631e-03
-6.100000000000414e-01	1.501210e-03
-6.000000000000414e-01	1.500790e-03
-5.900000000000414e-01	1.500369e-03
-5.800000000000414e-01	1.499948e-03
-5.700000000000414e-01	1.499527e-03
-5.600000000000414e-01	1.499106e-03
-5.500000000000413e-01	1.498685e-03
-5.400000000000413e-01	1.498264e-03
-5.300000000000413e-01	1.497842e-03
-5.200000000000413e-01	1.497421e-03
-5.100000000000413e-01	1.496998e-03
-5.000000000000413e-01	1.496575e-03
-4.900000000000413e-01	1.496152e-03
-4.800000000000413e-01	1.495727e-03
-4.700000000000413e-01	1.495300e-03
-4.600000000000413e-01	1.494872e-03
-4.500000000000413e-01	1.494441e-03
-4.400000000000412e-01	1.494006e-03
-4.300000000000412e-01	1.493565e-03
-4.200000000000412e-01	1.493118e-03
-4.100000000000412e-01	1.492661e-03
-4.000000000000412e-01	1.492191e-03
-3.900000000000412e-01	1.491704e-03
-3.800000000000412e-01	1.491192e-03
-3.700000000000412e-01	1.490648e-03
-3.600000000000412e-01	1.490060e-03
-3.500000000000412e-01	1.489412e-03
-3.400000000000412e-01	1.488682e-03
-3.300000000000411e-01	1.487842e-03
-3.200000000000411e-01	1.486851e-03
-3.100000000000411e-01	1.485656e-03
-3.000000000000411e-01	1.484184e-03
-2.900000000000411e-01	1.482336e-03
-2.800000000000411e-01	1.479979e-03
-2.700000000000411e-01	1.476932e-03
-2.600000000000411e-01	1.472951e-03
-2.500000000000411e-01	1.467710e-03
-2.400000000000411e-01	1.460772e-03
-2.300000000000411e-01	1.451559e-03
-2.200000000000411e-01	1.439308e-03
-2.100000000000410e-01	1.423031e-03
-2.000000000000410e-01	1.401471e-03
-1.900000000000410e-01	1.373066e-03
-1.800000000000410e-01	1.335955e-03
-1.700000000000410e-01	1.288043e-03
-1.600000000000410e-01	1.227180e-03
-1.500000000000410e-01	1.151511e-03
-1.400000000000410e-01	1.060006e-03
-1.300000000000410e-01	9.531389e-04
-1.200000000000410e-01	8.335070e-04
-1.100000000000410e-01	7.060688e-04
-1.000000000000410e-01	5.776553e-04
-9.000000000004099e-02	4.556903e-04
-8.000000000004100e-02	3.465340e-04
-7.000000000004100e-02	2.541828e-04
-6.000000000004100e-02	1.798679e-04
-5.000000000004100e-02	1.225383e-04
-4.000000000004100e-02	7.978331e-05
-3.000000000004099e-02	4.871682e-05
-2.000000000004099e-02	2.657621e-05
-1.000000000004099e-02	1.101685e-05
0.000000000000000e+00	1.909154e-07
