vbe	Ic(Q1)
-8.000000000000000e-01	-8.021384e-01
-7.990000000000000e-01	-7.932687e-01
-7.980000000000000e-01	-7.844123e-01
-7.970000000000000e-01	-7.755701e-01
-7.960000000000000e-01	-7.667428e-01
-7.950000000000000e-01	-7.579311e-01
-7.940000000000000e-01	-7.491359e-01
-7.930000000000000e-01	-7.403580e-01
-7.920000000000000e-01	-7.315981e-01
-7.910000000000000e-01	-7.228570e-01
-7.900000000000000e-01	-7.141355e-01
-7.890000000000000e-01	-7.054346e-01
-7.880000000000000e-01	-6.967548e-01
-7.870000000000000e-01	-6.880972e-01
-7.860000000000000e-01	-6.794625e-01
-7.850000000000000e-01	-6.708516e-01
-7.840000000000000e-01	-6.622652e-01
-7.830000000000000e-01	-6.537044e-01
-7.820000000000000e-01	-6.451699e-01
-7.810000000000000e-01	-6.366626e-01
-7.800000000000000e-01	-6.281834e-01
-7.790000000000000e-01	-6.197331e-01
-7.780000000000000e-01	-6.113127e-01
-7.770000000000000e-01	-6.029230e-01
-7.760000000000000e-01	-5.945649e-01
-7.750000000000000e-01	-5.862393e-01
-7.740000000000000e-01	-5.779473e-01
-7.730000000000000e-01	-5.696896e-01
-7.720000000000000e-01	-5.614672e-01
-7.710000000000000e-01	-5.532810e-01
-7.700000000000000e-01	-5.451320e-01
-7.690000000000000e-01	-5.370210e-01
-7.680000000000000e-01	-5.289492e-01
-7.670000000000000e-01	-5.209173e-01
-7.660000000000000e-01	-5.129263e-01
-7.650000000000000e-01	-5.049773e-01
-7.640000000000000e-01	-4.970711e-01
-7.630000000000000e-01	-4.892088e-01
-7.620000000000000e-01	-4.813912e-01
-7.610000000000000e-01	-4.736194e-01
-7.600000000000000e-01	-4.658943e-01
-7.590000000000000e-01	-4.582170e-01
-7.580000000000000e-01	-4.505883e-01
-7.570000000000000e-01	-4.430092e-01
-7.560000000000000e-01	-4.354808e-01
-7.550000000000000e-01	-4.280040e-01
-7.540000000000000e-01	-4.205797e-01
-7.530000000000000e-01	-4.132090e-01
-7.520000000000000e-01	-4.058928e-01
-7.510000000000000e-01	-3.986320e-01
-7.500000000000000e-01	-3.914277e-01
-7.490000000000000e-01	-3.842807e-01
-7.480000000000000e-01	-3.771921e-01
-7.470000000000000e-01	-3.701628e-01
-7.460000000000000e-01	-3.631936e-01
-7.450000000000000e-01	-3.562856e-01
-7.440000000000000e-01	-3.494397e-01
-7.430000000000000e-01	-3.426566e-01
-7.420000000000000e-01	-3.359375e-01
-7.410000000000000e-01	-3.292831e-01
-7.400000000000000e-01	-3.226943e-01
-7.390000000000000e-01	-3.161720e-01
-7.380000000000000e-01	-3.097170e-01
-7.370000000000000e-01	-3.033301e-01
-7.360000000000000e-01	-2.970122e-01
-7.350000000000000e-01	-2.907640e-01
-7.340000000000000e-01	-2.845863e-01
-7.330000000000000e-01	-2.784798e-01
-7.320000000000000e-01	-2.724454e-01
-7.310000000000000e-01	-2.664835e-01
-7.300000000000000e-01	-2.605951e-01
-7.290000000000000e-01	-2.547807e-01
-7.280000000000000e-01	-2.490409e-01
-7.270000000000000e-01	-2.433763e-01
-7.260000000000000e-01	-2.377875e-01
-7.250000000000000e-01	-2.322750e-01
-7.240000000000000e-01	-2.268393e-01
-7.230000000000000e-01	-2.214810e-01
-7.220000000000000e-01	-2.162004e-01
-7.210000000000000e-01	-2.109979e-01
-7.200000000000000e-01	-2.058739e-01
-7.190000000000000e-01	-2.008288e-01
-7.180000000000000e-01	-1.958628e-01
-7.170000000000000e-01	-1.909761e-01
-7.160000000000000e-01	-1.861690e-01
-7.150000000000000e-01	-1.814417e-01
-7.140000000000000e-01	-1.767942e-01
-7.130000000000000e-01	-1.722268e-01
-7.120000000000000e-01	-1.677393e-01
-7.110000000000000e-01	-1.633318e-01
-7.100000000000000e-01	-1.590043e-01
-7.090000000000000e-01	-1.547567e-01
-7.080000000000000e-01	-1.505888e-01
-7.070000000000000e-01	-1.465006e-01
-7.060000000000000e-01	-1.424916e-01
-7.050000000000000e-01	-1.385618e-01
-7.040000000000000e-01	-1.347108e-01
-7.030000000000000e-01	-1.309382e-01
-7.020000000000000e-01	-1.272438e-01
-7.010000000000000e-01	-1.236269e-01
-7.000000000000000e-01	-1.200872e-01
-6.990000000000000e-01	-1.166241e-01
-6.980000000000000e-01	-1.132371e-01
-6.970000000000000e-01	-1.099256e-01
-6.960000000000000e-01	-1.066889e-01
-6.950000000000000e-01	-1.035265e-01
-6.940000000000000e-01	-1.004375e-01
-6.929999999999999e-01	-9.742120e-02
-6.919999999999999e-01	-9.447689e-02
-6.909999999999999e-01	-9.160373e-02
-6.899999999999999e-01	-8.880088e-02
-6.889999999999999e-01	-8.606748e-02
-6.879999999999999e-01	-8.340260e-02
-6.869999999999999e-01	-8.080536e-02
-6.859999999999999e-01	-7.827479e-02
-6.849999999999999e-01	-7.580992e-02
-6.839999999999999e-01	-7.340975e-02
-6.829999999999999e-01	-7.107329e-02
-6.819999999999999e-01	-6.879949e-02
-6.809999999999999e-01	-6.658731e-02
-6.799999999999999e-01	-6.443569e-02
-6.789999999999999e-01	-6.234356e-02
-6.779999999999999e-01	-6.030982e-02
-6.769999999999999e-01	-5.833340e-02
-6.759999999999999e-01	-5.641318e-02
-6.749999999999999e-01	-5.454806e-02
-6.739999999999999e-01	-5.273693e-02
-6.729999999999999e-01	-5.097866e-02
-6.719999999999999e-01	-4.927214e-02
-6.709999999999999e-01	-4.761625e-02
-6.699999999999999e-01	-4.600989e-02
-6.689999999999999e-01	-4.445193e-02
-6.679999999999999e-01	-4.294126e-02
-6.669999999999999e-01	-4.147678e-02
-6.659999999999999e-01	-4.005739e-02
-6.649999999999999e-01	-3.868201e-02
-6.639999999999999e-01	-3.734955e-02
-6.629999999999999e-01	-3.605894e-02
-6.619999999999999e-01	-3.480912e-02
-6.609999999999999e-01	-3.359905e-02
-6.599999999999999e-01	-3.242767e-02
-6.589999999999999e-01	-3.129397e-02
-6.579999999999999e-01	-3.019695e-02
-6.569999999999999e-01	-2.913560e-02
-6.559999999999999e-01	-2.810894e-02
-6.549999999999999e-01	-2.711601e-02
-6.539999999999999e-01	-2.615587e-02
-6.529999999999999e-01	-2.522757e-02
-6.519999999999999e-01	-2.433021e-02
-6.509999999999999e-01	-2.346289e-02
-6.499999999999999e-01	-2.262472e-02
-6.489999999999999e-01	-2.181485e-02
-6.479999999999999e-01	-2.103243e-02
-6.469999999999999e-01	-2.027662e-02
-6.459999999999999e-01	-1.954664e-02
-6.449999999999999e-01	-1.884167e-02
-6.439999999999999e-01	-1.816096e-02
-6.429999999999999e-01	-1.750374e-02
-6.419999999999999e-01	-1.686928e-02
-6.409999999999999e-01	-1.625686e-02
-6.399999999999999e-01	-1.566579e-02
-6.389999999999999e-01	-1.509537e-02
-6.379999999999999e-01	-1.454495e-02
-6.369999999999999e-01	-1.401388e-02
-6.359999999999999e-01	-1.350152e-02
-6.349999999999999e-01	-1.300727e-02
-6.339999999999999e-01	-1.253053e-02
-6.329999999999999e-01	-1.207072e-02
-6.319999999999999e-01	-1.162727e-02
-6.309999999999999e-01	-1.119965e-02
-6.299999999999999e-01	-1.078731e-02
-6.289999999999999e-01	-1.038974e-02
-6.279999999999999e-01	-1.000645e-02
-6.269999999999999e-01	-9.636945e-03
-6.259999999999999e-01	-9.280755e-03
-6.249999999999999e-01	-8.937424e-03
-6.239999999999999e-01	-8.606510e-03
-6.229999999999999e-01	-8.287585e-03
-6.219999999999999e-01	-7.980232e-03
-6.209999999999999e-01	-7.684049e-03
-6.199999999999999e-01	-7.398647e-03
-6.189999999999999e-01	-7.123648e-03
-6.179999999999999e-01	-6.858688e-03
-6.169999999999999e-01	-6.603412e-03
-6.159999999999999e-01	-6.357480e-03
-6.149999999999999e-01	-6.120561e-03
-6.139999999999999e-01	-5.892335e-03
-6.129999999999999e-01	-5.672492e-03
-6.119999999999999e-01	-5.460734e-03
-6.109999999999999e-01	-5.256773e-03
-6.099999999999999e-01	-5.060329e-03
-6.089999999999999e-01	-4.871132e-03
-6.079999999999999e-01	-4.688921e-03
-6.069999999999999e-01	-4.513446e-03
-6.059999999999999e-01	-4.344463e-03
-6.049999999999999e-01	-4.181737e-03
-6.039999999999999e-01	-4.025041e-03
-6.029999999999999e-01	-3.874157e-03
-6.019999999999999e-01	-3.728874e-03
-6.009999999999999e-01	-3.588988e-03
-5.999999999999999e-01	-3.454302e-03
-5.989999999999999e-01	-3.324625e-03
-5.979999999999999e-01	-3.199776e-03
-5.969999999999999e-01	-3.079578e-03
-5.959999999999999e-01	-2.963859e-03
-5.949999999999999e-01	-2.852456e-03
-5.939999999999999e-01	-2.745210e-03
-5.929999999999999e-01	-2.641968e-03
-5.919999999999999e-01	-2.542583e-03
-5.909999999999999e-01	-2.446912e-03
-5.899999999999999e-01	-2.354819e-03
-5.889999999999999e-01	-2.266171e-03
-5.879999999999999e-01	-2.180841e-03
-5.869999999999999e-01	-2.098706e-03
-5.859999999999999e-01	-2.019648e-03
-5.849999999999999e-01	-1.943553e-03
-5.839999999999999e-01	-1.870311e-03
-5.829999999999999e-01	-1.799816e-03
-5.819999999999999e-01	-1.731965e-03
-5.809999999999998e-01	-1.666662e-03
-5.799999999999998e-01	-1.603810e-03
-5.789999999999998e-01	-1.543319e-03
-5.779999999999998e-01	-1.485100e-03
-5.769999999999998e-01	-1.429069e-03
-5.759999999999998e-01	-1.375144e-03
-5.749999999999998e-01	-1.323248e-03
-5.739999999999998e-01	-1.273303e-03
-5.729999999999998e-01	-1.225237e-03
-5.719999999999998e-01	-1.178980e-03
-5.709999999999998e-01	-1.134464e-03
-5.699999999999998e-01	-1.091624e-03
-5.689999999999998e-01	-1.050397e-03
-5.679999999999998e-01	-1.010723e-03
-5.669999999999998e-01	-9.725434e-04
-5.659999999999998e-01	-9.358027e-04
-5.649999999999998e-01	-9.004467e-04
-5.639999999999998e-01	-8.664234e-04
-5.629999999999998e-01	-8.336828e-04
-5.619999999999998e-01	-8.021768e-04
-5.609999999999998e-01	-7.718591e-04
-5.599999999999998e-01	-7.426849e-04
-5.589999999999998e-01	-7.146113e-04
-5.579999999999998e-01	-6.875970e-04
-5.569999999999998e-01	-6.616021e-04
-5.559999999999998e-01	-6.365883e-04
-5.549999999999998e-01	-6.125187e-04
-5.539999999999998e-01	-5.893577e-04
-5.529999999999998e-01	-5.670712e-04
-5.519999999999998e-01	-5.456262e-04
-5.509999999999998e-01	-5.249911e-04
-5.499999999999998e-01	-5.051354e-04
-5.489999999999998e-01	-4.860296e-04
-5.479999999999998e-01	-4.676456e-04
-5.469999999999998e-01	-4.499561e-04
-5.459999999999998e-01	-4.329350e-04
-5.449999999999998e-01	-4.165571e-04
-5.439999999999998e-01	-4.007980e-04
-5.429999999999998e-01	-3.856346e-04
-5.419999999999998e-01	-3.710443e-04
-5.409999999999998e-01	-3.570055e-04
-5.399999999999998e-01	-3.434973e-04
-5.389999999999998e-01	-3.304998e-04
-5.379999999999998e-01	-3.179937e-04
-5.369999999999998e-01	-3.059605e-04
-5.359999999999998e-01	-2.943822e-04
-5.349999999999998e-01	-2.832418e-04
-5.339999999999998e-01	-2.725227e-04
-5.329999999999998e-01	-2.622089e-04
-5.319999999999998e-01	-2.522852e-04
-5.309999999999998e-01	-2.427368e-04
-5.299999999999998e-01	-2.335496e-04
-5.289999999999998e-01	-2.247099e-04
-5.279999999999998e-01	-2.162046e-04
-5.269999999999998e-01	-2.080211e-04
-5.259999999999998e-01	-2.001471e-04
-5.249999999999998e-01	-1.925710e-04
-5.239999999999998e-01	-1.852816e-04
-5.229999999999998e-01	-1.782679e-04
-5.219999999999998e-01	-1.715196e-04
-5.209999999999998e-01	-1.650267e-04
-5.199999999999998e-01	-1.587795e-04
-5.189999999999998e-01	-1.527686e-04
-5.179999999999998e-01	-1.469852e-04
-5.169999999999998e-01	-1.414207e-04
-5.159999999999998e-01	-1.360668e-04
-5.149999999999998e-01	-1.309154e-04
-5.139999999999998e-01	-1.259591e-04
-5.129999999999998e-01	-1.211903e-04
-5.119999999999998e-01	-1.166020e-04
-5.109999999999998e-01	-1.121874e-04
-5.099999999999998e-01	-1.079398e-04
-5.089999999999998e-01	-1.038531e-04
-5.079999999999998e-01	-9.992098e-05
-5.069999999999998e-01	-9.613774e-05
-5.059999999999998e-01	-9.249771e-05
-5.049999999999998e-01	-8.899547e-05
-5.039999999999998e-01	-8.562580e-05
-5.029999999999998e-01	-8.238369e-05
-5.019999999999998e-01	-7.926431e-05
-5.009999999999998e-01	-7.626302e-05
-4.999999999999998e-01	-7.337535e-05
-4.989999999999998e-01	-7.059700e-05
-4.979999999999998e-01	-6.792384e-05
-4.969999999999998e-01	-6.535187e-05
-4.959999999999998e-01	-6.287728e-05
-4.949999999999998e-01	-6.049637e-05
-4.939999999999998e-01	-5.820561e-05
-4.929999999999998e-01	-5.600157e-05
-4.919999999999998e-01	-5.388098e-05
-4.909999999999998e-01	-5.184068e-05
-4.899999999999998e-01	-4.987763e-05
-4.889999999999998e-01	-4.798890e-05
-4.879999999999998e-01	-4.617169e-05
-4.869999999999998e-01	-4.442328e-05
-4.859999999999998e-01	-4.274107e-05
-4.849999999999998e-01	-4.112256e-05
-4.839999999999998e-01	-3.956533e-05
-4.829999999999998e-01	-3.806706e-05
-4.819999999999998e-01	-3.662552e-05
-4.809999999999998e-01	-3.523857e-05
-4.799999999999998e-01	-3.390413e-05
-4.789999999999998e-01	-3.262022e-05
-4.779999999999998e-01	-3.138493e-05
-4.769999999999998e-01	-3.019641e-05
-4.759999999999998e-01	-2.905290e-05
-4.749999999999998e-01	-2.795269e-05
-4.739999999999998e-01	-2.689414e-05
-4.729999999999998e-01	-2.587567e-05
-4.719999999999998e-01	-2.489577e-05
-4.709999999999998e-01	-2.395298e-05
-4.699999999999998e-01	-2.304588e-05
-4.689999999999998e-01	-2.217314e-05
-4.679999999999997e-01	-2.133344e-05
-4.669999999999997e-01	-2.052555e-05
-4.659999999999997e-01	-1.974824e-05
-4.649999999999997e-01	-1.900037e-05
-4.639999999999997e-01	-1.828082e-05
-4.629999999999997e-01	-1.758852e-05
-4.619999999999997e-01	-1.692244e-05
-4.609999999999997e-01	-1.628158e-05
-4.599999999999997e-01	-1.566498e-05
-4.589999999999997e-01	-1.507174e-05
-4.579999999999997e-01	-1.450097e-05
-4.569999999999997e-01	-1.395180e-05
-4.559999999999997e-01	-1.342344e-05
-4.549999999999997e-01	-1.291508e-05
-4.539999999999997e-01	-1.242598e-05
-4.529999999999997e-01	-1.195539e-05
-4.519999999999997e-01	-1.150263e-05
-4.509999999999997e-01	-1.106701e-05
-4.499999999999997e-01	-1.064790e-05
-4.489999999999997e-01	-1.024465e-05
-4.479999999999997e-01	-9.856672e-06
-4.469999999999997e-01	-9.483388e-06
-4.459999999999997e-01	-9.124240e-06
-4.449999999999997e-01	-8.778694e-06
-4.439999999999997e-01	-8.446234e-06
-4.429999999999997e-01	-8.126363e-06
-4.419999999999997e-01	-7.818607e-06
-4.409999999999997e-01	-7.522505e-06
-4.399999999999997e-01	-7.237617e-06
-4.389999999999997e-01	-6.963518e-06
-4.379999999999997e-01	-6.699800e-06
-4.369999999999997e-01	-6.446068e-06
-4.359999999999997e-01	-6.201946e-06
-4.349999999999997e-01	-5.967068e-06
-4.339999999999997e-01	-5.741086e-06
-4.329999999999997e-01	-5.523662e-06
-4.319999999999997e-01	-5.314472e-06
-4.309999999999997e-01	-5.113204e-06
-4.299999999999997e-01	-4.919559e-06
-4.289999999999997e-01	-4.733247e-06
-4.279999999999997e-01	-4.553990e-06
-4.269999999999997e-01	-4.381523e-06
-4.259999999999997e-01	-4.215588e-06
-4.249999999999997e-01	-4.055936e-06
-4.239999999999997e-01	-3.902330e-06
-4.229999999999997e-01	-3.754542e-06
-4.219999999999997e-01	-3.612351e-06
-4.209999999999997e-01	-3.475545e-06
-4.199999999999997e-01	-3.343919e-06
-4.189999999999997e-01	-3.217279e-06
-4.179999999999997e-01	-3.095435e-06
-4.169999999999997e-01	-2.978205e-06
-4.159999999999997e-01	-2.865415e-06
-4.149999999999997e-01	-2.756896e-06
-4.139999999999997e-01	-2.652487e-06
-4.129999999999997e-01	-2.552033e-06
-4.119999999999997e-01	-2.455382e-06
-4.109999999999997e-01	-2.362392e-06
-4.099999999999997e-01	-2.272924e-06
-4.089999999999997e-01	-2.186844e-06
-4.079999999999997e-01	-2.104024e-06
-4.069999999999997e-01	-2.024340e-06
-4.059999999999997e-01	-1.947675e-06
-4.049999999999997e-01	-1.873913e-06
-4.039999999999997e-01	-1.802944e-06
-4.029999999999997e-01	-1.734663e-06
-4.019999999999997e-01	-1.668968e-06
-4.009999999999997e-01	-1.605761e-06
-4.000000000000000e-01	-1.544947e-06
