vce	Ib(Q1)
-4.000000000000000e+00	-1.100000e-05
-3.990000000000000e+00	-1.100000e-05
-3.980000000000000e+00	-1.100000e-05
-3.970000000000001e+00	-1.100000e-05
-3.960000000000001e+00	-1.100000e-05
-3.950000000000001e+00	-1.100000e-05
-3.940000000000001e+00	-1.100000e-05
-3.930000000000001e+00	-1.100000e-05
-3.920000000000002e+00	-1.100000e-05
-3.910000000000002e+00	-1.100000e-05
-3.900000000000002e+00	-1.100000e-05
-3.890000000000002e+00	-1.100000e-05
-3.880000000000003e+00	-1.100000e-05
-3.870000000000003e+00	-1.100000e-05
-3.860000000000003e+00	-1.100000e-05
-3.850000000000003e+00	-1.100000e-05
-3.840000000000003e+00	-1.100000e-05
-3.830000000000004e+00	-1.100000e-05
-3.820000000000004e+00	-1.100000e-05
-3.810000000000004e+00	-1.100000e-05
-3.800000000000004e+00	-1.100000e-05
-3.790000000000004e+00	-1.100000e-05
-3.780000000000005e+00	-1.100000e-05
-3.770000000000005e+00	-1.100000e-05
-3.760000000000005e+00	-1.100000e-05
-3.750000000000005e+00	-1.100000e-05
-3.740000000000006e+00	-1.100000e-05
-3.730000000000006e+00	-1.100000e-05
-3.720000000000006e+00	-1.100000e-05
-3.710000000000006e+00	-1.100000e-05
-3.700000000000006e+00	-1.100000e-05
-3.690000000000007e+00	-1.100000e-05
-3.680000000000007e+00	-1.100000e-05
-3.670000000000007e+00	-1.100000e-05
-3.660000000000007e+00	-1.100000e-05
-3.650000000000007e+00	-1.100000e-05
-3.640000000000008e+00	-1.100000e-05
-3.630000000000008e+00	-1.100000e-05
-3.620000000000008e+00	-1.100000e-05
-3.610000000000008e+00	-1.100000e-05
-3.600000000000009e+00	-1.100000e-05
-3.590000000000009e+00	-1.100000e-05
-3.580000000000009e+00	-1.100000e-05
-3.570000000000009e+00	-1.100000e-05
-3.560000000000009e+00	-1.100000e-05
-3.550000000000010e+00	-1.100000e-05
-3.540000000000010e+00	-1.100000e-05
-3.530000000000010e+00	-1.100000e-05
-3.520000000000010e+00	-1.100000e-05
-3.510000000000010e+00	-1.100000e-05
-3.500000000000011e+00	-1.100000e-05
-3.490000000000011e+00	-1.100000e-05
-3.480000000000011e+00	-1.100000e-05
-3.470000000000011e+00	-1.100000e-05
-3.460000000000012e+00	-1.100000e-05
-3.450000000000012e+00	-1.100000e-05
-3.440000000000012e+00	-1.100000e-05
-3.430000000000012e+00	-1.100000e-05
-3.420000000000012e+00	-1.100000e-05
-3.410000000000013e+00	-1.100000e-05
-3.400000000000013e+00	-1.100000e-05
-3.390000000000013e+00	-1.100000e-05
-3.380000000000013e+00	-1.100000e-05
-3.370000000000013e+00	-1.100000e-05
-3.360000000000014e+00	-1.100000e-05
-3.350000000000014e+00	-1.100000e-05
-3.340000000000014e+00	-1.100000e-05
-3.330000000000014e+00	-1.100000e-05
-3.320000000000014e+00	-1.100000e-05
-3.310000000000015e+00	-1.100000e-05
-3.300000000000015e+00	-1.100000e-05
-3.290000000000015e+00	-1.100000e-05
-3.280000000000015e+00	-1.100000e-05
-3.270000000000016e+00	-1.100000e-05
-3.260000000000016e+00	-1.100000e-05
-3.250000000000016e+00	-1.100000e-05
-3.240000000000016e+00	-1.100000e-05
-3.230000000000016e+00	-1.100000e-05
-3.220000000000017e+00	-1.100000e-05
-3.210000000000017e+00	-1.100000e-05
-3.200000000000017e+00	-1.100000e-05
-3.190000000000017e+00	-1.100000e-05
-3.180000000000017e+00	-1.100000e-05
-3.170000000000018e+00	-1.100000e-05
-3.160000000000018e+00	-1.100000e-05
-3.150000000000018e+00	-1.100000e-05
-3.140000000000018e+00	-1.100000e-05
-3.130000000000019e+00	-1.100000e-05
-3.120000000000019e+00	-1.100000e-05
-3.110000000000019e+00	-1.100000e-05
-3.100000000000019e+00	-1.100000e-05
-3.090000000000019e+00	-1.100000e-05
-3.080000000000020e+00	-1.100000e-05
-3.070000000000020e+00	-1.100000e-05
-3.060000000000020e+00	-1.100000e-05
-3.050000000000020e+00	-1.100000e-05
-3.040000000000020e+00	-1.100000e-05
-3.030000000000021e+00	-1.100000e-05
-3.020000000000021e+00	-1.100000e-05
-3.010000000000021e+00	-1.100000e-05
-3.000000000000021e+00	-1.100000e-05
-2.990000000000022e+00	-1.100000e-05
-2.980000000000022e+00	-1.100000e-05
-2.970000000000022e+00	-1.100000e-05
-2.960000000000022e+00	-1.100000e-05
-2.950000000000022e+00	-1.100000e-05
-2.940000000000023e+00	-1.100000e-05
-2.930000000000023e+00	-1.100000e-05
-2.920000000000023e+00	-1.100000e-05
-2.910000000000023e+00	-1.100000e-05
-2.900000000000023e+00	-1.100000e-05
-2.890000000000024e+00	-1.100000e-05
-2.880000000000024e+00	-1.100000e-05
-2.870000000000024e+00	-1.100000e-05
-2.860000000000024e+00	-1.100000e-05
-2.850000000000025e+00	-1.100000e-05
-2.840000000000025e+00	-1.100000e-05
-2.830000000000025e+00	-1.100000e-05
-2.820000000000025e+00	-1.100000e-05
-2.810000000000025e+00	-1.100000e-05
-2.800000000000026e+00	-1.100000e-05
-2.790000000000026e+00	-1.100000e-05
-2.780000000000026e+00	-1.100000e-05
-2.770000000000026e+00	-1.100000e-05
-2.760000000000026e+00	-1.100000e-05
-2.750000000000027e+00	-1.100000e-05
-2.740000000000027e+00	-1.100000e-05
-2.730000000000027e+00	-1.100000e-05
-2.720000000000027e+00	-1.100000e-05
-2.710000000000027e+00	-1.100000e-05
-2.700000000000028e+00	-1.100000e-05
-2.690000000000028e+00	-1.100000e-05
-2.680000000000028e+00	-1.100000e-05
-2.670000000000028e+00	-1.100000e-05
-2.660000000000029e+00	-1.100000e-05
-2.650000000000029e+00	-1.100000e-05
-2.640000000000029e+00	-1.100000e-05
-2.630000000000029e+00	-1.100000e-05
-2.620000000000029e+00	-1.100000e-05
-2.610000000000030e+00	-1.100000e-05
-2.600000000000030e+00	-1.100000e-05
-2.590000000000030e+00	-1.100000e-05
-2.580000000000030e+00	-1.100000e-05
-2.570000000000030e+00	-1.100000e-05
-2.560000000000031e+00	-1.100000e-05
-2.550000000000031e+00	-1.100000e-05
-2.540000000000031e+00	-1.100000e-05
-2.530000000000031e+00	-1.100000e-05
-2.520000000000032e+00	-1.100000e-05
-2.510000000000032e+00	-1.100000e-05
-2.500000000000032e+00	-1.100000e-05
-2.490000000000032e+00	-1.100000e-05
-2.480000000000032e+00	-1.100000e-05
-2.470000000000033e+00	-1.100000e-05
-2.460000000000033e+00	-1.100000e-05
-2.450000000000033e+00	-1.100000e-05
-2.440000000000033e+00	-1.100000e-05
-2.430000000000033e+00	-1.100000e-05
-2.420000000000034e+00	-1.100000e-05
-2.410000000000034e+00	-1.100000e-05
-2.400000000000034e+00	-1.100000e-05
-2.390000000000034e+00	-1.100000e-05
-2.380000000000035e+00	-1.100000e-05
-2.370000000000035e+00	-1.100000e-05
-2.360000000000035e+00	-1.100000e-05
-2.350000000000035e+00	-1.100000e-05
-2.340000000000035e+00	-1.100000e-05
-2.330000000000036e+00	-1.100000e-05
-2.320000000000036e+00	-1.100000e-05
-2.310000000000036e+00	-1.100000e-05
-2.300000000000036e+00	-1.100000e-05
-2.290000000000036e+00	-1.100000e-05
-2.280000000000037e+00	-1.100000e-05
-2.270000000000037e+00	-1.100000e-05
-2.260000000000037e+00	-1.100000e-05
-2.250000000000037e+00	-1.100000e-05
-2.240000000000038e+00	-1.100000e-05
-2.230000000000038e+00	-1.100000e-05
-2.220000000000038e+00	-1.100000e-05
-2.210000000000038e+00	-1.100000e-05
-2.200000000000038e+00	-1.100000e-05
-2.190000000000039e+00	-1.100000e-05
-2.180000000000039e+00	-1.100000e-05
-2.170000000000039e+00	-1.100000e-05
-2.160000000000039e+00	-1.100000e-05
-2.150000000000039e+00	-1.100000e-05
-2.140000000000040e+00	-1.100000e-05
-2.130000000000040e+00	-1.100000e-05
-2.120000000000040e+00	-1.100000e-05
-2.110000000000040e+00	-1.100000e-05
-2.100000000000041e+00	-1.100000e-05
-2.090000000000041e+00	-1.100000e-05
-2.080000000000041e+00	-1.100000e-05
-2.070000000000041e+00	-1.100000e-05
-2.060000000000041e+00	-1.100000e-05
-2.050000000000042e+00	-1.100000e-05
-2.040000000000042e+00	-1.100000e-05
-2.030000000000042e+00	-1.100000e-05
-2.020000000000042e+00	-1.100000e-05
-2.010000000000042e+00	-1.100000e-05
-2.000000000000043e+00	-1.100000e-05
-1.990000000000043e+00	-1.100000e-05
-1.980000000000043e+00	-1.100000e-05
-1.970000000000043e+00	-1.100000e-05
-1.960000000000043e+00	-1.100000e-05
-1.950000000000043e+00	-1.100000e-05
-1.940000000000043e+00	-1.100000e-05
-1.930000000000043e+00	-1.100000e-05
-1.920000000000043e+00	-1.100000e-05
-1.910000000000043e+00	-1.100000e-05
-1.900000000000043e+00	-1.100000e-05
-1.890000000000043e+00	-1.100000e-05
-1.880000000000043e+00	-1.100000e-05
-1.870000000000043e+00	-1.100000e-05
-1.860000000000043e+00	-1.100000e-05
-1.850000000000042e+00	-1.100000e-05
-1.840000000000042e+00	-1.100000e-05
-1.830000000000042e+00	-1.100000e-05
-1.820000000000042e+00	-1.100000e-05
-1.810000000000042e+00	-1.100000e-05
-1.800000000000042e+00	-1.100000e-05
-1.790000000000042e+00	-1.100000e-05
-1.780000000000042e+00	-1.100000e-05
-1.770000000000042e+00	-1.100000e-05
-1.760000000000042e+00	-1.100000e-05
-1.750000000000042e+00	-1.100000e-05
-1.740000000000042e+00	-1.100000e-05
-1.730000000000042e+00	-1.100000e-05
-1.720000000000042e+00	-1.100000e-05
-1.710000000000042e+00	-1.100000e-05
-1.700000000000042e+00	-1.100000e-05
-1.690000000000042e+00	-1.100000e-05
-1.680000000000042e+00	-1.100000e-05
-1.670000000000042e+00	-1.100000e-05
-1.660000000000042e+00	-1.100000e-05
-1.650000000000042e+00	-1.100000e-05
-1.640000000000042e+00	-1.100000e-05
-1.630000000000042e+00	-1.100000e-05
-1.620000000000042e+00	-1.100000e-05
-1.610000000000042e+00	-1.100000e-05
-1.600000000000042e+00	-1.100000e-05
-1.590000000000042e+00	-1.100000e-05
-1.580000000000042e+00	-1.100000e-05
-1.570000000000042e+00	-1.100000e-05
-1.560000000000042e+00	-1.100000e-05
-1.550000000000042e+00	-1.100000e-05
-1.540000000000042e+00	-1.100000e-05
-1.530000000000042e+00	-1.100000e-05
-1.520000000000042e+00	-1.100000e-05
-1.510000000000042e+00	-1.100000e-05
-1.500000000000042e+00	-1.100000e-05
-1.490000000000042e+00	-1.100000e-05
-1.480000000000042e+00	-1.100000e-05
-1.470000000000042e+00	-1.100000e-05
-1.460000000000042e+00	-1.100000e-05
-1.450000000000042e+00	-1.100000e-05
-1.440000000000042e+00	-1.100000e-05
-1.430000000000042e+00	-1.100000e-05
-1.420000000000042e+00	-1.100000e-05
-1.410000000000042e+00	-1.100000e-05
-1.400000000000042e+00	-1.100000e-05
-1.390000000000042e+00	-1.100000e-05
-1.380000000000042e+00	-1.100000e-05
-1.370000000000042e+00	-1.100000e-05
-1.360000000000042e+00	-1.100000e-05
-1.350000000000042e+00	-1.100000e-05
-1.340000000000042e+00	-1.100000e-05
-1.330000000000042e+00	-1.100000e-05
-1.320000000000042e+00	-1.100000e-05
-1.310000000000042e+00	-1.100000e-05
-1.300000000000042e+00	-1.100000e-05
-1.290000000000042e+00	-1.100000e-05
-1.280000000000042e+00	-1.100000e-05
-1.270000000000042e+00	-1.100000e-05
-1.260000000000042e+00	-1.100000e-05
-1.250000000000042e+00	-1.100000e-05
-1.240000000000042e+00	-1.100000e-05
-1.230000000000042e+00	-1.100000e-05
-1.220000000000042e+00	-1.100000e-05
-1.210000000000042e+00	-1.100000e-05
-1.200000000000042e+00	-1.100000e-05
-1.190000000000042e+00	-1.100000e-05
-1.180000000000042e+00	-1.100000e-05
-1.170000000000042e+00	-1.100000e-05
-1.160000000000042e+00	-1.100000e-05
-1.150000000000042e+00	-1.100000e-05
-1.140000000000042e+00	-1.100000e-05
-1.130000000000042e+00	-1.100000e-05
-1.120000000000042e+00	-1.100000e-05
-1.110000000000042e+00	-1.100000e-05
-1.100000000000042e+00	-1.100000e-05
-1.090000000000042e+00	-1.100000e-05
-1.080000000000042e+00	-1.100000e-05
-1.070000000000042e+00	-1.100000e-05
-1.060000000000042e+00	-1.100000e-05
-1.050000000000042e+00	-1.100000e-05
-1.040000000000042e+00	-1.100000e-05
-1.030000000000042e+00	-1.100000e-05
-1.020000000000042e+00	-1.100000e-05
-1.010000000000042e+00	-1.100000e-05
-1.000000000000042e+00	-1.100000e-05
-9.900000000000417e-01	-1.100000e-05
-9.800000000000417e-01	-1.100000e-05
-9.700000000000417e-01	-1.100000e-05
-9.600000000000417e-01	-1.100000e-05
-9.500000000000417e-01	-1.100000e-05
-9.400000000000417e-01	-1.100000e-05
-9.300000000000417e-01	-1.100000e-05
-9.200000000000417e-01	-1.100000e-05
-9.100000000000417e-01	-1.100000e-05
-9.000000000000417e-01	-1.100000e-05
-8.900000000000416e-01	-1.100000e-05
-8.800000000000416e-01	-1.100000e-05
-8.700000000000416e-01	-1.100000e-05
-8.600000000000416e-01	-1.100000e-05
-8.500000000000416e-01	-1.100000e-05
-8.400000000000416e-01	-1.100000e-05
-8.300000000000416e-01	-1.100000e-05
-8.200000000000416e-01	-1.100000e-05
-8.100000000000416e-01	-1.100000e-05
-8.000000000000416e-01	-1.100000e-05
-7.900000000000416e-01	-1.100000e-05
-7.800000000000415e-01	-1.100000e-05
-7.700000000000415e-01	-1.100000e-05
-7.600000000000415e-01	-1.100000e-05
-7.500000000000415e-01	-1.100000e-05
-7.400000000000415e-01	-1.100000e-05
-7.300000000000415e-01	-1.100000e-05
-7.200000000000415e-01	-1.100000e-05
-7.100000000000415e-01	-1.100000e-05
-7.000000000000415e-01	-1.100000e-05
-6.900000000000415e-01	-1.100000e-05
-6.800000000000415e-01	-1.100000e-05
-6.700000000000415e-01	-1.100000e-05
-6.600000000000414e-01	-1.100000e-05
-6.500000000000414e-01	-1.100000e-05
-6.400000000000414e-01	-1.100000e-05
-6.300000000000414e-01	-1.100000e-05
-6.200000000000414e-01	-1.100000e-05
-6.100000000000414e-01	-1.100000e-05
-6.000000000000414e-01	-1.100000e-05
-5.900000000000414e-01	-1.100000e-05
-5.800000000000414e-01	-1.100000e-05
-5.700000000000414e-01	-1.100000e-05
-5.600000000000414e-01	-1.100000e-05
-5.500000000000413e-01	-1.100000e-05
-5.400000000000413e-01	-1.100000e-05
-5.300000000000413e-01	-1.100000e-05
-5.200000000000413e-01	-1.100000e-05
-5.100000000000413e-01	-1.100000e-05
-5.000000000000413e-01	-1.100000e-05
-4.900000000000413e-01	-1.100000e-05
-4.800000000000413e-01	-1.100000e-05
-4.700000000000413e-01	-1.100000e-05
-4.600000000000413e-01	-1.100000e-05
-4.500000000000413e-01	-1.100000e-05
-4.400000000000412e-01	-1.100000e-05
-4.300000000000412e-01	-1.100000e-05
-4.200000000000412e-01	-1.100000e-05
-4.100000000000412e-01	-1.100000e-05
-4.000000000000412e-01	-1.100000e-05
-3.900000000000412e-01	-1.100000e-05
-3.800000000000412e-01	-1.100000e-05
-3.700000000000412e-01	-1.100000e-05
-3.600000000000412e-01	-1.100000e-05
-3.500000000000412e-01	-1.100000e-05
-3.400000000000412e-01	-1.100000e-05
-3.300000000000411e-01	-1.100000e-05
-3.200000000000411e-01	-1.100000e-05
-3.100000000000411e-01	-1.100000e-05
-3.000000000000411e-01	-1.100000e-05
-2.900000000000411e-01	-1.100000e-05
-2.800000000000411e-01	-1.100000e-05
-2.700000000000411e-01	-1.100000e-05
-2.600000000000411e-01	-1.100000e-05
-2.500000000000411e-01	-1.100000e-05
-2.400000000000411e-01	-1.100000e-05
-2.300000000000411e-01	-1.100000e-05
-2.200000000000411e-01	-1.100000e-05
-2.100000000000410e-01	-1.100000e-05
-2.000000000000410e-01	-1.100000e-05
-1.900000000000410e-01	-1.100000e-05
-1.800000000000410e-01	-1.100000e-05
-1.700000000000410e-01	-1.100000e-05
-1.600000000000410e-01	-1.100000e-05
-1.500000000000410e-01	-1.100000e-05
-1.400000000000410e-01	-1.100000e-05
-1.300000000000410e-01	-1.100000e-05
-1.200000000000410e-01	-1.100000e-05
-1.100000000000410e-01	-1.100000e-05
-1.000000000000410e-01	-1.100000e-05
-9.000000000004099e-02	-1.100000e-05
-8.000000000004100e-02	-1.100000e-05
-7.000000000004100e-02	-1.100000e-05
-6.000000000004100e-02	-1.100000e-05
-5.000000000004100e-02	-1.100000e-05
-4.000000000004100e-02	-1.100000e-05
-3.000000000004099e-02	-1.100000e-05
-2.000000000004099e-02	-1.100000e-05
-1.000000000004099e-02	-1.100000e-05
0.000000000000000e+00	-1.100000e-05
